0
0
0
0
0
0
0
0.6
11.8
58.5
125.2
196.1
235.7
308.1
68.8
48
25
1.5
0
0
0
0
0
0
0
0
0
0
0
0
0
0
8.2
51.2
128.3
188.7
198.3
206.9
204.6
189.7
102.7
5.7
0
0
0
0
0
0
0
0
0
0
0
0
0
0
18.1
80.8
170.3
186.3
247.8
233.3
230.8
161.9
111.6
17.5
0
0
0
0
0
0
0
0
0
0
0
0
0
0.7
16.3
64.3
126.5
187.6
223.1
232
226.9
188.9
114.3
25.1
-0.1
0
0
0
0
0
0
0
0
0
0
0
0
0.6
16.8
63.7
130.3
193.8
204.1
229.4
264.8
113.7
67
26.6
-0.2
0
0
0
0
0
0
0
0
0
0
0
0
0.7
12.5
53.5
110.5
182.9
188.5
258
162.9
57.2
5.9
5.3
0
0
0
0
0
0
0
0
0
0
0
0
0
0.9
17.5
68
142.2
218.7
251.9
262
249.8
211.7
141.1
27.7
-0.4
0
0
0
0
0
0
0
0
0
0
0
0
1.1
19.3
70.5
156.1
178.9
275.8
241.1
262.7
204
111.6
4.7
0
0
0
0
0
0
0
0
0
0
0
0
0
0.8
16.9
65.5
131.4
193.8
224.3
228.8
224.9
186.6
104.9
35.5
-0.2
0
0
0
0
0
0
0
0
0
0
0
0
0.8
17
75.3
136.8
203
319.1
43.5
18.2
31.6
9.6
1.5
0
0
0
0
0
0
0
0
0
0
0
0
0
0.6
19.9
99.4
183.7
275.8
308.9
268.3
255.4
265.9
56.8
33.6
0.2
0
0
0
0
0
0
0
0
0
0
0
0
0.6
6.4
46.8
148.5
179.8
286.5
257.7
249.9
249.5
151.5
39.4
0
0
0
0
0
0
0
0
0
0
0
0
0
1.1
19.6
69.8
136
197.7
225.2
274.7
242.4
205.8
135
32.1
-0.2
0
0
0
0
0
0
0
0
0
0
0
0
0.9
16.4
61.8
122.7
183.9
228.8
230.4
222.2
187
132.6
29.7
0.2
0
0
0
0
0
0
0
0
0
0
0
0
1.3
22.9
79
148.9
219.7
244.8
254.2
249.6
210.8
163.7
44.4
0.7
0
0
0
0
0
139.1
139.1
139.1
139.1
139.1
139.1
139.1
139.1
139.1
139.1
139.1
191.2
217.3
74.8
132.9
204.1
54.7
38.4
0.6
0
0
0
0
0
0
0
0
0
0
0
0
0.9
8.2
61.1
188.6
229.6
264.9
275.1
265.1
225.5
171.9
48.3
0.7
0
0
0
0
0
0
0
0
0
0
0
0
1
23.5
83.9
152.1
224.9
250.2
259
257.4
212.3
164.2
49
0.9
0
0
0
0
0
0
0
0
0
0
0
0
0.2
14.1
53
91.1
161.2
303.3
248.5
237.6
236.2
121
48.4
0.6
0
0
0
0
0
0
0
0
0
0
0
0
1.5
25.2
85.7
154.6
228
253
260.9
250.7
214.9
150.1
50
0.5
0
0
0
0
0
0
0
0
0
0
0
0
0.8
15.4
41.3
54.6
127.5
250.5
260.2
287.5
111.9
63.1
34.4
0.1
0
0
0
0
0
0
0
0
0
0
0
0
0
0.6
1.8
4.1
7.8
9.6
15.5
55.1
135.9
181.6
44.8
0.8
0
0
0
0
0
0
0
0
0
0
0
0
2.2
27
104.4
114.7
219.6
244.9
165.9
67.7
121.9
194.7
59.2
1.6
0
0
0
0
0
0
0
0
0
0
0
0
0.6
4.6
23.5
77.7
157.3
252.8
257.5
256
247.7
78.7
13.8
0
0
0
0
0
0
0
0
0
0
0
0
0
0
0.7
1.7
0.6
4.6
7.1
7.5
9.3
26
1.4
1.3
-0.2
0
0
0
0
0
0
0
0
0
0
0
0
1.6
26.2
91.6
161
228.3
269.2
300
272.3
235.1
131.2
94.2
1.3
0
0
0
0
0
0
0
0
0
0
0
0
2.3
26.1
92.8
179.7
228.7
263.4
262.1
260
249.8
104.3
34
1.3
0
0
0
0
0
0
0
0
0
0
0
0
2
26.2
94.5
111.7
171.8
178.1
187.6
325
98.9
61
20.6
1.3
0
0
0
0
0
0
0
0
0
0
0
0
0
9.5
57.6
109.8
236.4
210.2
166.1
165.4
161.2
164
77.1
1.1
0
0
0
0
0
0
0
0
0
0
0
0
0.5
15
81.4
141.2
186.1
246.2
267.6
275
205.1
185.2
31.8
1.3
0
0
0
0
0
0
0
0
0
0
0
0
0.6
16
81.7
199.7
172.4
285.1
264.1
316.2
254.8
175.1
81.1
0.7
0
0
0
0
0
0
0
0
0
0
0
0
2.3
16.5
54.9
96.8
144.3
185.9
280.7
184
114.7
66.8
31.3
1.1
0
0
0
0
0
0
0
0
0
0
0
0
1.9
14.4
73.7
173.7
321.8
373.6
246
228.9
248.1
166.4
75.3
0.2
0
0
0
0
0
0
0
0
0
0
0
0
3.8
28.8
87.6
150
208.7
234.1
248
239.2
191.1
88.9
35.1
0.7
0
0
0
0
0
0
0
0
0
0
0
0
3.5
27.5
90.9
153.3
206.1
224.2
232.9
232.4
212.6
156.3
48.6
0.4
0
0
0
0
0
0
0
0
0
0
0
0
1.8
13.8
58
129
252.4
319.8
263.5
247.8
212.1
160
79.5
0.6
0
0
0
0
0
0
0
0
0
0
0
0
0.5
4.5
23.1
53.4
87.3
122.3
179.1
119.1
127.9
129.3
42.7
1.2
0
0
0
0
0
0
0
0
0
0
0
0
0.5
13.9
72.6
164.5
173.8
141.4
214.9
118.6
101.2
157.5
50.9
0.6
0
0
0
0
0
0
0
0
0
0
0
0
3
28
101.8
169
228.7
260.9
271.2
257.3
221.4
164.8
82.3
2.7
0
0
0
0
0
0
0
0
0
0
0
0
2
13.1
44.8
88.4
90.9
45.2
80
59.7
34.1
34
18.6
0.9
0
0
0
0
0
0
0
0
0
0
0
0
0
1
7.7
34.6
22.6
23.8
56.2
45.2
62.4
44.6
26.6
1.1
0
0
0
0
0
0
0
0
0
0
0
0
0
13.1
33.7
192.7
182.6
183.3
354.2
92.3
162.2
141.7
46.1
0.6
0
0
0
0
0
0
0
0
0
0
0
0
0
22.1
98.4
188.3
269.5
296.4
312.1
233.7
248.8
145
47.7
0
0
0
0
0
0
0
0
0
0
0
0
0
0
20.9
43
121.3
108.3
190.4
73
78.2
229.3
102.6
48.3
2.2
0
0
0
0
0
0
0
0
0
0
0
0
0
27.2
113.3
180.9
260.2
280.2
253.3
286.9
240.8
176.9
76.3
5.4
0
0
0
0
0
0
0
0
0
0
0
0
0
20.8
99.8
192.7
257.6
295.7
314.1
296.1
245.1
179.6
87.5
7.2
0
0
0
0
0
0
0
0
0
0
0
0
0
24.8
99.2
181.9
245.4
301.1
328.3
322.3
259.8
177.5
58.1
5.5
0
0
0
0
0
0
0
0
0
0
0
0
0
28.8
110.7
212.9
308.7
349
373.9
340.9
302.7
219.8
65.1
4.6
0
0
0
0
0
0
0
0
0
0
0
0
0
0
4.7
108.8
274.5
328.8
271.3
148
37.4
27.4
13.9
-0.9
0
0
0
0
0
0
0
0
0
0
0
0
0
27.6
100.7
161.4
257.5
316.9
345.6
216.7
140
127.1
21.2
4.9
0
0
0
0
0
0
0
0
0
0
0
0
0
24.8
106.7
190.6
260.7
311.8
334.1
321.7
264.6
187.7
99.9
5.8
0
0
0
0
0
0
0
0
0
0
0
0
0.1
28.7
126.1
116.7
232
305.6
240.2
246.6
250.8
86.5
35.5
0.6
0
0
0
0
0
0
0
0
0
0
0
0
0
17
31.1
84.7
208.8
196.5
166.3
114.1
74.6
30
13.7
-0.8
0
0
0
0
0
0
0
0
0
0
0
0
0.1
15.4
73.8
169.5
229.8
287.8
294.7
283
230.8
159.4
70.8
6.6
0
0
0
0
0
0
0
0
0
0
0
0
0.1
36.8
90.6
160.2
175.2
186.6
142.7
134.2
108.9
71
26.8
-0.7
0
0
0
0
0
0
0
0
0
0
0
0
0
8.8
43.5
96.3
302.9
353.1
266.1
126.2
293.5
136.9
43.7
8.1
0
0
0
0
0
0
0
0
0
0
0
0
0.1
35.1
134
251.6
332.6
385.6
395.1
140.8
280.4
224.3
112.2
14.5
0
0
0
0
0
0
0
0
0
0
0
0
-0.4
40.1
149.3
251.9
325.5
365.7
374.8
363.6
318
235.4
126.3
21
0
0
0
0
0
0
0
0
0
0
0
0
-0.8
46.9
115.7
194.3
253.9
214.3
338.7
234.5
156.8
97.3
33.8
-0.8
0
0
0
0
0
0
0
0
0
0
0
0
0
5.6
33.6
79.6
175.5
292.8
77.8
42.6
107.4
35.8
28.8
4.9
0
0
0
0
0
0
0
0
0
0
0
0
-0.3
29.4
99.8
164.1
92.5
106.9
363.1
20.4
3.5
31.4
53.3
-0.8
0
0
0
0
0
0
0
0
0
0
0
0
0
49.7
43.8
82.3
196.7
192.3
133.7
291.5
69.6
64.3
61.9
13.9
0
0
0
0
0
0
0
0
0
0
0
0
0
49.1
163.9
258.4
429.1
307.4
410.1
364.3
345.7
259.6
145.8
24.8
-0.2
0
0
0
0
0
0
0
0
0
0
0
-0.4
51.1
155.7
253.6
317.4
359.6
371.6
356.3
307.1
228.2
116.2
20.4
0
0
0
0
0
0
0
0
0
0
0
0
0
11.8
78.3
159.5
90.2
217.9
2.4
359.4
221.9
89.2
132.4
11.6
-0.1
0
0
0
0
0
0
0
0
0
0
0
0.1
59.6
60
243.4
308.8
351.8
370.7
342.5
301.5
225.8
119.7
21.4
0
0
0
0
0
0
0
0
0
0
0
0
1.8
51.1
155.9
254.2
319.1
381.9
390.7
371.5
329.7
252.3
144.4
33.2
-0.1
0
0
0
0
0
0
0
0
0
0
0
1
49.1
147.3
279.9
264.5
352.1
158.6
228.9
125.2
87.6
88.4
15.5
-0.2
0
0
0
0
0
0
0
0
0
0
0
2
50.9
146
236.5
288.1
326.2
321.7
301.2
248.3
175.6
87.4
16.2
0
0
0
0
0
0
0
0
0
0
0
0
0.4
15.5
42.6
102.5
86.9
47.2
32.7
8.8
58.1
0.6
-0.5
-1.3
0
0
0
0
0
0
0
0
0
0
0
0
0
5.5
12.5
31.2
50
44.8
72
67.6
32
141.2
31.7
6.9
0
0
0
0
0
0
0
0
0
0
0
0
0.7
33.2
98.2
292.1
393.4
404.7
411
394.3
386
298.2
179.3
41.2
-0.1
0
0
0
0
0
0
0
0
0
0
0
2.9
63.2
184.4
290.4
363
396.4
161.8
90.3
16
243.4
171.4
44.1
-0.2
0
0
0
0
0
0
0
0
0
0
0
4.8
68.9
193.6
299.7
377.4
408.3
422.8
411.4
371.1
288.7
178.3
51.1
0.1
0
0
0
0
0
0
0
0
0
0
0
6.6
51.6
117.1
169.8
291.5
268
243.3
266.2
210.9
231.3
102.7
29.4
-0.3
0
0
0
0
0
0
0
0
0
0
0
-0.1
8.7
75.1
174.9
350.5
379.6
400.9
370.3
337.7
253.9
143.4
35.8
-0.3
0
0
0
0
0
0
0
0
0
0
0
7.5
64.5
158.9
224
353.1
345.1
403.6
375.1
330.6
241.4
125.2
22.1
-0.4
0
0
0
0
0
0
0
0
0
0
0
4.1
66.2
165.4
261.9
311.4
355.4
268.2
354
239.8
139.3
91.6
24.2
-0.2
0
0
0
0
0
0
0
0
0
0
0
7.3
57.6
108.1
204.1
335.2
364.8
380.4
362.4
311.5
212.6
91.3
30.5
-0.9
0
0
0
0
0
0
0
0
0
0
0
6.5
76.8
224.3
343.9
370.3
425.7
316.4
373.1
323.7
290.8
172.7
48.1
-0.8
0
0
0
0
0
0
0
0
0
0
0
4.9
67.2
170.1
264.5
296.1
125.9
276.8
415.2
289.6
102.2
149
8.8
-0.2
0
0
0
0
0
0
0
0
0
0
0
7.7
70.3
184.1
286.3
345.1
385.2
230.6
392.5
334.7
251.5
129.9
39.8
-1.1
0
0
0
0
0
0
0
0
0
0
0
8.9
79.6
190
284.9
364.5
395.3
371.5
382.9
338.6
235.4
125
39.5
-0.2
0
0
0
0
0
0
0
0
0
0
0
9.6
74.9
186.1
280.4
342.6
384.1
397.5
376.4
332.6
259.4
158.9
46
-0.7
0
0
0
0
0
0
0
0
0
0
0
12.2
76.7
183.4
278.1
336.9
371.2
375
364.6
314.2
212.9
112
34
-0.3
0
0
0
0
0
0
0
0
0
0
0
12.5
74.6
170.9
258.8
314
342.3
353
332.9
288
205.9
97.1
16.4
-0.5
0
0
0
0
0
0
0
0
0
0
0
1.3
12.2
44.1
90.3
106
80
334.9
294.5
253.4
211
136.5
43.2
-0.7
0
0
0
0
0
0
0
0
0
0
0
0
2
17.5
18.1
64.5
122.4
49
-1.5
-0.3
0.9
-1.2
9.7
-0.2
0
0
0
0
0
0
0
0
0
0
0
15.1
59.4
135.2
282.9
261.5
96.9
144.2
18.1
5.8
-1.3
-0.7
-0.6
0
0
0
0
0
0
0
0
0
0
0
0
6.9
48.8
166.1
259.1
331.8
337.4
364.3
323.3
294.2
200.4
115.6
38.1
-1.3
0
0
0
0
0
0
0
0
0
0
0
1.2
19.4
41.9
45.3
79.1
67.4
66.4
191.8
89.4
25.1
17.2
2
-0.2
0
0
0
0
0
0
0
0
0
0
0.1
33.3
109.8
132.2
179.3
362.1
259
236.6
193.3
189.8
121
82.4
26.6
-1.1
0
0
0
0
0
0
0
0
0
0
0
18
74.7
127.4
111.2
133.6
340.3
365.8
345
372.7
276.1
168.3
28.3
-0.8
0
0
0
0
0
0
0
0
0
0
0
7.3
36.1
130.5
136.3
106.7
74
26.2
36.8
78
168.8
178.4
62.7
-0.7
0
0
0
0
0
0
0
0
0
0
0.1
22.1
99.7
204.3
286.2
326.7
390.9
221.8
206.4
91
112.4
51.1
37.8
-1.1
-0.2
0
0
0
0
0
0
0
0
0
0
0.8
14.6
69.9
175.6
394.1
430.2
66.9
147.8
211.8
273.7
59
44.4
-0.4
0
0
0
0
0
0
0
0
0
0
0
22.3
96.8
211.5
305.3
364.2
393.3
410.6
395.9
345
263.1
159.9
47.9
-0.9
0
0
0
0
0
0
0
0
0
0
0
0.7
9.4
25.1
29.1
64.9
243.1
364.4
153.4
44.2
32.8
48.1
11.1
-0.8
0
0
0
0
0
0
0
0
0
0
0.2
14.8
53
161.1
289.5
342
371.1
381.6
359.8
314.4
236.8
80.4
48.7
-0.4
0
0
0
0
0
0
0
0
0
0
0.2
24.2
100.5
207.5
290.3
350.2
362.9
347.6
302.4
276.9
185.7
110.5
27.9
-1
-0.2
-0.2
-0.2
0
0
0
0
0
0
0
-0.1
22.7
48.8
63.1
57.3
76.1
50.8
46.5
54.5
46.7
40.6
23.6
4.3
-0.2
0
0
0
0
0
0
0
0
0
0
0
20.3
97.1
210.3
298.4
364.9
429.6
426.1
409.5
356.7
277.6
94.1
54.2
-0.7
0
0
0
0
0
0
0
0
0
0
-0.1
20.9
95.6
154.7
251.3
324
117.3
162.3
194
153.1
88
61.3
15.7
-1.1
0
0
0
0
0
0
0
0
0
0
0
20
104.9
219.6
310.6
369.6
401.8
417.5
376.7
329
256.2
153.4
49.2
-0.6
0
0
0
0
0
0
0
0
0
0
0
5.3
18.2
77
97.1
150.3
75.3
147.9
53.2
90.5
59.1
38.5
52.2
-0.8
0
0
0
0
0
0
0
0
0
0
-0.1
2.9
11.6
19
27.4
30.1
34.6
40.9
49.4
18.9
7
-0.3
-0.7
-0.2
0
0
0
0
0
0
0
0
0
0
0.1
14.9
67.1
54.5
33.5
40.4
32.9
42
56.6
29.3
16.5
18.4
0.2
-0.8
0
0
0
0
0
0
0
0
0
0
0.4
29.5
94.3
238.1
339.4
367.9
423.7
408.7
395.3
280.1
99.8
51.6
9.9
-1.1
0
0
0
0
0
0
0
0
0
0
0
3.5
20.4
18
70.2
178
280.2
390.4
257.4
334.3
78.5
152.7
7.8
-0.6
0
0
0
0
0
0
0
0
0
0
0
0.1
7.3
24.9
34.6
8
38.8
54.8
40.7
31
18.7
15.4
2.4
-0.2
0
0
0
0
0
0
0
0
0
0
0.2
42.5
95.4
129.4
288
333.6
388
385.7
321.9
314.2
268.3
167.1
61.3
1
0
0
0
0
0
0
0
0
0
0
-0.2
46.8
83.3
145.3
157.1
164.9
238.2
217.9
285.1
133.4
108.9
74.2
41.4
-0.3
0
0
0
0
0
0
0
0
0
0
0.9
35.1
121.3
226.9
312.7
368.8
420.2
409.3
393.6
350.5
276.9
177.5
64.5
1.2
0
0
0
0
0
0
0
0
0
0
2.8
44.8
106.8
223.8
303.2
358.7
297.7
401.6
384.5
288.3
254.7
161.6
96
1.5
-0.2
0
0
0
0
0
0
0
0
0
2.6
39.2
120.7
212.8
287.2
349.2
375.6
379.6
367.6
271.5
235.7
192.8
59.5
2.1
-0.2
-0.2
0
0
0
0
0
0
0
0
-0.4
31.9
101.1
196.7
253.8
321.8
350.6
349.7
366.1
202.1
241.8
147.1
56
3.4
-0.2
-0.2
0
0
0
0
0
0
0
0
1
31.3
120.8
228.2
310.2
355.7
378.5
381.2
371.3
338.1
265.6
162.9
60.6
1.4
-0.2
0
0
0
0
0
0
0
0
0
1.5
30.7
125.1
231.4
315.5
379
413.6
432.7
409.5
359.6
287.3
185
69.9
3.3
0
0
0
0
0
0
0
0
0
0
2
29.6
115.5
233.5
311.1
383.3
427.7
443
416.6
367.7
290.6
188.2
72.5
3.2
0
0
0
0
0
0
0
0
0
0
0.9
36.1
89.4
239.7
175.8
320.6
370
371.2
358.7
319.3
247.6
142.6
40.2
0.9
-0.2
0
0
0
0
0
0
0
0
0
1.2
32.7
118.3
222.1
263.8
320.2
365.4
365.1
297.7
236
183
99.5
41.1
3.6
-0.2
-0.2
0
0
0
0
0
0
0
0
2.2
32.7
108.8
188.5
312.1
314.6
370.6
236.3
336.1
172
109.4
105
41.2
1.2
0
0
0
0
0
0
0
0
0
0
3.2
38.5
99.8
245.2
308.1
348.7
396.6
410
389.5
340.9
272.3
178.6
24.6
2.7
0
0
0
0
0
0
0
0
0
0
-0.3
1.7
6.9
49.7
108.6
167.6
100.8
87.6
76.3
64.6
31.6
51.6
34.1
3.8
-0.2
-0.2
-0.2
-0.2
0
0
0
0
0
0
1.4
18.6
42.4
78
76.5
122.7
77.8
57.5
68.3
64.4
58.2
6.2
5.5
-0.5
-0.2
-0.2
-0.2
-0.2
-0.2
0
0
0
0
0
3.2
40.3
124
179.6
284.4
126.3
179.9
245.5
156.4
104.1
44.9
12.8
0.9
-0.8
0
0
0
0
0
0
0
0
0
0
10.4
40.4
82.2
152.9
202.3
271.8
355.1
372.9
305.3
183.5
138.4
60.2
86.1
8.1
-0.3
-0.2
-0.2
-0.2
-0.2
0
0
0
0
0
7.7
60.2
97
211.7
315.3
339
308
385.8
255.2
117.6
127.9
24.9
14.7
-0.2
-0.2
-0.2
-0.2
-0.2
0
0
0
0
0
0
9.8
48.8
136.7
239.2
304.6
390.6
402.1
347.5
403.6
233
169.7
76
48
15
-0.4
-0.2
-0.2
0
0
0
0
0
0
0
6.9
60.1
137.6
207.7
195.4
292.4
389.3
348.6
395.8
338
258.2
167.3
75.5
10
-0.5
-0.2
-0.2
0
0
0
0
0
0
0
1
43.5
120.6
212.1
296.4
340
364.7
388
385.8
332.4
281.4
169.6
40.1
30.9
-0.5
-0.2
0
0
0
0
0
0
0
0
7.5
41
124.6
220.3
280.5
312.4
216.7
292.2
302.1
358.4
172.6
116
79.3
12.2
-0.4
-0.2
-0.2
0
0
0
0
0
0
0
4.4
29.8
109
194.6
270.3
322
355.4
364.5
347.6
167.4
159.8
87.9
16.4
-0.7
-0.2
-0.2
-0.2
-0.2
-0.2
-0.2
0
0
0
0
5.6
40.9
117
211.4
293.2
360.1
351.3
352.4
264.6
218.8
112.1
158.7
71.2
13.7
-0.5
-0.3
-0.2
-0.2
-0.3
-0.2
-0.2
-0.2
-0.2
-0.2
7.2
54.4
107.8
200.5
137.5
200.2
366.6
265.1
316.6
319.1
179
135.9
72.5
17.2
-0.6
-0.2
-0.2
-0.3
0
0
0
0
0
0
-0.4
4.1
52.8
145.6
202
58.9
164.6
80.3
37.5
148.7
285.3
105.5
81.3
15
-0.5
0
0
0
-0.2
-0.2
-0.2
-0.2
0
0
11.9
57.6
110.7
154.7
203
164.4
219.5
173.7
93.5
38.6
46.7
14.6
1.5
-0.2
0
0
0
0
-0.2
0
0
0
0
0
2.9
33.8
72
282.6
123.9
428.7
186.1
426.1
189.1
87.3
120.7
38.5
39.7
13.9
-0.2
-0.2
-0.2
-0.2
-0.2
0
0
0
0
0
0.2
37.1
36.8
77.4
157.8
198.7
353.3
364.3
367.4
248
183
126.7
42
0.0999999999999999
-0.2
-0.2
-0.2
-0.2
22.4
22.6
22.6
22.6
22.6
22.6
37.5
58
132.1
219.2
279.4
336.4
358.6
382.3
343.8
299.5
246.5
158.5
72.3
9.8
-0.5
-0.3
-0.2
-0.2
0
0
0
0
0
0
0
18.2
46.8
67.8
94.7
41.1
91.4
73.1
244.5
347.8
89.3
24.7
36.3
-0.6
-0.2
-0.2
-0.2
-0.2
0
0
0
0
0
0
8
46.6
124.6
217.6
293.4
346.8
375.8
380
353.8
315.5
258.3
174.3
93
32.4
23.1
23.3
23.5
23.6
0
0
0
0
0
0
-0.2
12.4
19
238
317.3
194
377
176.7
190.6
364.4
132
179.2
75.8
15.9
0
0
0
0
0
0
0
0
0
0
6.3
36
118.9
208.8
270.5
322.2
349.5
370.6
355.3
313.7
255.5
169.7
82
10
-0.2
-0.2
0
0
-0.2
0
0
0
0
0
3.2
38.2
113.5
162.3
272
279.6
349.4
299.7
329.2
313.4
243.3
69.9
38
2.3
-0.3
-0.3
-0.2
-0.2
-0.2
-0.2
0
0
0
0
0
2.1
0.6
32.3
31.1
5.7
14.2
7.1
20.6
12.4
-0.2
-0.7
-0.1
4.9
0
0
0
0
0
0
0
0
0
0
6.9
46.3
132.5
221.1
199.4
263.2
379.4
428.8
413.7
180.1
239.3
105.1
76
10.2
-0.2
0
0
0
0
0
0
0
0
0
0.1
37.7
66.2
186.4
253.1
163.6
333.8
349.7
238.5
246.8
230.6
142.4
54.1
7.7
-0.2
-0.2
-0.2
-0.2
-0.2
0
0
0
0
0
5
50.2
103.4
195.4
265.4
293.6
344.7
347.6
331.3
265.5
183.8
169.9
63.7
2.9
-0.3
-0.3
-0.2
-0.2
0
0
0
0
0
0
3.7
31.9
119
217.4
284.4
336.5
374.8
356.6
345.5
308.8
246.4
157.7
68.9
7
-0.2
0
0
0
-0.2
-0.2
-0.2
0
0
0
0.1
4.8
37.8
103.4
73.4
235.4
181.9
387.4
391.2
352.3
285.4
190.5
80.7
8.2
0
0
0
0
0
0
0
0
0
0
3.5
26.3
104.1
192.5
259.1
338.3
360.4
368.9
345
308.7
247.5
171.5
68
6.8
-0.3
-0.2
-0.2
0
0
0
0
0
0
0
4.1
38.1
106.6
192.8
274.6
331.3
358.4
367.2
357.3
320
261.4
170.3
69.5
6.8
-0.3
-0.3
-0.2
-0.2
0
0
0
0
0
0
3.8
36.3
102.8
183
258.6
314.5
340.3
350.2
333.4
291.5
230.2
143.3
57.2
3.9
-0.3
-0.2
-0.2
-0.2
0
0
0
0
0
0
5.9
49
143.5
233.7
313.4
357.8
230
383.2
232.7
214.7
83.2
20.6
12.2
-0.6
-0.3
-0.2
0
0
-0.2
0
0
0
0
0
1
34.3
61.7
95.7
88
83.9
200.1
130.1
250.8
288.6
224
140.5
63
14.2
-0.5
-0.2
-0.2
-0.2
0
0
0
0
0
0
1.2
9.9
66.1
90.3
98.6
94.1
153.2
131.5
137.7
30.4
55
38.4
10.7
1.4
-0.4
-0.2
0
0
0
0
0
0
0
0
4.2
41.4
99.7
73.5
258.5
220.6
326.6
348.2
301.4
257.8
251.8
141
78.7
6.1
-0.5
-0.2
-0.2
-0.2
0
0
0
0
0
0
7.4
46.5
121.7
216.1
292.5
322.3
342.9
201.1
111.1
173.4
145.9
116.2
44.9
10.4
-0.3
-0.2
-0.2
-0.2
0
0
0
0
0
0
0.8
17.9
32.3
155.3
215.1
326
392
399.5
375.1
340.4
280.2
181.2
83.4
12.3
-0.5
-0.2
-0.2
0
-0.2
-0.2
-0.2
-0.2
0
0
-0.2
31.1
31.5
66.8
180.5
211.5
114.9
161.9
103.5
58.5
79.1
64.1
5
4
-0.2
-0.2
-0.2
0
0
0
0
0
0
0
6.7
40
109.3
195.4
257.6
308.1
338.6
341.9
328.2
283.3
221.9
143
54.9
11.2
-0.5
-0.2
-0.2
-0.2
-0.2
-0.2
-0.2
-0.2
-0.2
-0.2
2.3
30.7
87.2
87.3
311.2
323.8
304.7
182.9
397.3
341.6
276.8
149.9
28.4
23.8
-0.6
-0.3
-0.3
-0.2
0
0
0
0
0
0
0
0
0
0
0
0
0
0
0
0
0
0
0
0
0
0
0
0
0
0
0
0
0
0
0
0
0
0
0
0
0
0
0
0
0
0
0
0
0
0
0
0
-0.2
-0.2
-0.2
-0.2
0
0
4.5
36
112.4
214.1
293.9
353.7
386.2
397.5
382.1
342.4
284.7
184.7
89.9
14.7
-0.8
-0.4
-0.3
-0.2
-0.2
-0.2
-0.2
-0.2
0
0
-0.4
11.8
49.7
63.4
95.4
310.9
179.4
164
331.3
181.5
262.2
161.2
89.4
14.3
-0.4
-0.2
-0.2
-0.2
-0.2
-0.2
-0.2
0
0
0
1
38.8
130.7
160.1
261.4
248.4
308.4
371.1
377.1
273
220.9
161.7
85.2
15.5
-0.5
-0.2
-0.2
-0.2
-0.2
-0.2
-0.2
-0.2
-0.2
-0.2
1
20.1
35.7
32.3
22
24
94.5
90.7
140.9
54.1
41.5
21.7
1
-1
-0.2
-0.2
-0.2
-0.2
-0.2
-0.2
-0.2
-0.2
-0.2
-0.2
-0.2
6.5
0.9
3.1
24.2
37.7
185.9
167.2
136.9
36.8
113
28.3
61.2
9.8
-0.6
-0.4
-0.4
-0.4
-0.4
-0.4
-0.4
-0.4
-0.4
-0.4
-0.4
36.3
66.2
89.2
95.6
141.5
173.7
351.9
322.7
227.4
207.5
218.6
40
23.4
-0.5
-0.4
-0.4
-0.4
-0.2
-0.2
-0.2
-0.2
0
0
2.9
43
121.4
209.2
290.5
298
381.2
376.5
311
340.1
262.7
189.5
86.1
20.1
-0.8
-0.2
-0.2
-0.2
-0.4
-0.4
-0.3
-0.3
-0.3
-0.2
-0.3
9.6
22.8
101
115.8
290.7
288.3
176.6
289.8
319.8
262.8
150.8
71.2
8.7
-0.4
-0.4
-0.4
-0.4
-0.2
-0.2
-0.2
-0.2
-0.2
-0.2
-0.1
-0.8
-0.0999999999999999
12.1
30.5
28.4
60.6
35.2
10.3
31.6
10.9
0.2
-0.5
-0.7
-0.2
-0.2
-0.2
-0.2
-0.2
-0.2
-0.2
-0.2
0
0
0.1
15
56.4
84
132.8
78.4
177.2
161.7
106.5
54
52.2
78.6
25.8
8.4
-0.4
-0.2
-0.2
-0.2
-0.2
-0.2
-0.2
-0.2
-0.2
-0.2
-0.3
31.1
103.4
191.6
260.2
326.5
301.4
260.9
145.5
267.9
122.6
77.6
26.9
14.5
-0.2
-0.2
-0.2
-0.2
-0.2
-0.2
-0.2
0
0
0
-0.1
30.5
101.2
170.6
197.1
275
190.3
318.3
134.5
304.6
121.2
128.1
77.2
12.2
-0.6
-0.3
-0.2
-0.2
0
0
0
0
0
0
4.9
54
84.9
216
222.5
111
102.5
416.7
379.1
174.9
166.1
86.3
49.5
3.8
-0.2
-0.2
-0.2
-0.2
-0.2
-0.2
-0.2
-0.2
-0.2
-0.2
-0.4
2.4
10.6
28.8
64.2
26.4
87
81.8
104.1
30.1
71.1
68.7
22.3
3.2
0
0
0
0
0
0
0
0
0
0
2.9
20.6
96.6
53.8
59.2
67.4
69.4
131.8
42.2
51.6
50.5
8.2
9.4
2
-0.2
-0.2
0
0
-0.2
-0.2
-0.2
-0.2
-0.2
0
0.1
23.3
75.3
206.3
296.4
352.5
478.1
192.1
159.3
157.2
65.2
62.6
55.5
-2.22044604925031e-16
-0.4
-0.2
-0.2
-0.2
0
0
0
0
0
0
1.5
19.6
126.9
96.7
176.3
468.9
358.2
394.6
355.6
350
148.1
121
76.7
18
-0.5
-0.2
-0.2
-0.2
-0.2
-0.2
-0.2
-0.2
-0.2
0
6.5
40.8
96.9
218.6
279.1
335.4
357.1
347.7
262.2
294
54.9
159.4
43.2
17.6
-0.7
-0.4
-0.3
-0.2
-0.2
-0.2
-0.2
-0.2
0
0
6.3
13.8
113
213.4
284
344.6
369.6
211.1
113.7
89.5
1.5
1.1
-0.8
6.6
-0.4
-0.2
-0.2
-0.2
-0.2
-0.2
0
0
0
0
9.4
56
84.4
109.6
225.9
351.7
383.5
371.9
388
351.3
272.4
178
87.4
12.3
-0.8
-0.3
-0.2
-0.2
-0.2
0
0
0
0
0
5.6
38.2
89.6
270.7
165.1
173.8
276.6
243.2
159.7
180.5
245.8
185.7
56.3
20.9
-1.1
-0.2
-0.2
-0.2
-0.2
-0.2
0
0
0
0
2.4
10.9
80.9
197.7
277.6
341.4
377.2
368.3
231.1
224.2
200.2
149.7
76.4
23.3
-0.6
-0.4
-0.3
-0.2
-0.2
-0.2
-0.2
-0.2
-0.2
-0.2
5.4
44.7
63.1
237
289.4
141.2
287.8
204.7
198.3
303.3
243.3
47.6
9
-0.3
-0.4
-0.4
-0.2
-0.2
81.9
81.9
81.9
81.9
81.9
81.9
81.9
81.9
81.9
81.9
81.9
41.8
88.3
93.5
109
257.8
72.2
5.5
7.6
14.5
-0.4
-0.2
-0.2
-0.2
-0.2
-0.2
-0.2
-0.2
-0.2
-0.3
9.9
42.5
65.2
152.7
304.8
353.8
229.2
400.5
377.6
274
198.9
86.2
56.9
23.9
-1.3
-0.3
-0.2
-0.2
-0.2
-0.2
-0.2
-0.2
-0.2
-0.2
-0.2
-0.8
2.9
7
47
67.6
35.4
81.4
28.1
173.8
133.5
23.4
42.1
-0.7
-0.2
-0.2
-0.2
-0.2
-0.2
-0.2
-0.2
0
0
0
5.9
38.6
117
214.7
293.9
345.6
378
148.1
77.7
28.8
28.4
191.2
46.1
10.5
-0.5
-0.3
-0.3
-0.3
-0.2
-0.2
-0.2
-0.2
-0.2
-0.2
0
25.9
90.8
101.6
93.2
179
282.8
434.5
351.4
369.4
309.8
192.4
60.5
23.4
-0.5
-0.3
-0.2
-0.2
-0.2
-0.2
0
0
0
0
4.5
52.2
98.9
180.6
88.4
250.7
359.8
219.2
248.3
175.5
34.2
139.3
56.3
17.8
-0.5
-0.2
-0.2
-0.2
-0.2
-0.2
-0.2
-0.2
-0.2
-0.2
2.2
49.4
118.1
99.4
285.1
216
288
354.2
416.8
360.4
289
191.3
107.5
11
-0.7
-0.2
-0.2
-0.3
-0.4
-0.4
-0.4
-0.4
-0.4
-0.2
-0.2
-0.9
1.7
1
26.1
50.8
30.9
20.7
15.3
187.6
29.1
2.22044604925031e-16
-0.3
2.1
-0.4
-0.4
-0.4
-0.4
-0.4
-0.4
-0.4
-0.4
-0.4
-0.4
-0.2
0.2
5.3
18.5
59.1
66.9
141.1
106.6
97.8
288.9
93.9
102.1
94.9
9.1
-0.6
-0.4
-0.4
-0.4
-0.4
-0.4
-0.4
-0.3
-0.3
-0.3
-1.11022302462516e-16
18
97.6
197.2
268
273.8
363.4
170.4
184.7
132.4
150.9
24.7
62.1
5.1
-0.4
-0.4
-0.4
-0.3
-0.3
-0.2
-0.2
-0.2
-0.2
-0.2
-0.5
22.2
105.8
169.5
255.5
376.4
381.3
248.5
31.5
327.9
201.4
98.9
42.6
4.4
-0.6
-0.4
-0.4
-0.4
-0.4
-0.3
-0.2
-0.2
-0.2
-0.2
-0.4
37.3
97
183.4
265.5
329.7
364
285.8
192.5
200.3
174.3
36.1
29.8
6.7
-0.4
-0.4
-0.4
-0.4
-0.3
-0.3
-0.3
-0.2
-0.2
-0.2
-0.4
27.9
94.3
186.6
262.5
332.9
371.4
401.1
122.6
61.7
236.7
121.8
45.8
-0.3
-0.4
-0.4
-0.4
-0.4
-0.4
-0.4
-0.4
-0.3
-0.3
-0.3
-0.1
19.5
99.2
164.2
194.5
345
345.5
359.6
298.6
203.9
226
69.4
25.5
5.3
-0.4
-0.4
-0.4
-0.4
-0.4
-0.4
-0.3
-0.3
-0.3
-0.3
-0.3
22.3
67
153.4
267.3
211.4
361.5
346.9
94.3
357.5
269
177.2
112.7
5.3
-0.4
-0.4
-0.4
-0.4
-0.4
-0.3
-0.3
-0.3
-0.2
-0.2
-0.2
17.3
73.8
66.2
190.7
136.2
313.4
340.1
46.6
212
135.4
176.6
49.7
0.7
-0.4
-0.3
-0.3
-0.3
-0.4
-0.3
-0.2
-0.2
-0.2
-0.2
-0.4
40.4
56.9
241.8
150.9
209.9
169.8
202.4
359.8
298.5
235.8
156.3
49.8
1.8
-0.4
-0.4
-0.4
-0.4
-0.4
-0.4
-0.4
-0.4
-0.3
-0.3
-0.2
56
84.1
157.7
118.8
227.3
106.5
457.7
158.2
50.9
13.3
13.9
22.4
-0.6
-0.4
-0.2
-0.2
-0.2
-0.4
-0.4
-0.4
-0.4
-0.4
-0.4
-0.6
9.8
31.4
45.9
84.1
164.1
78.4
77.9
69.1
87.4
79.6
3.2
-0.0999999999999999
-0.8
-0.4
-0.4
-0.4
-0.4
-0.4
-0.4
-0.4
-0.2
-0.2
-0.2
-0.3
0.5
6.6
12.8
6
86.5
113.8
88.3
209.4
167
207.6
241.7
93.2
5.8
-0.4
-0.4
-0.4
-0.4
-0.4
-0.4
-0.4
-0.4
-0.4
-0.4
-0.2
10
34.5
67.8
171.2
117
139.1
59.7
18.6
42.6
14.5
-0.3
-0.9
-0.4
-0.6
-0.4
-0.4
-0.4
-0.4
-0.4
-0.2
-0.2
-0.2
-0.2
1.4
22.4
99.7
232.9
274.9
200.2
290.8
361.8
414
336
211.7
192.6
99.6
13
-0.6
-0.4
-0.4
-0.4
-0.3
-0.2
-0.2
-0.2
-0.2
-0.2
-0.4
18.2
94.8
211.1
204.8
311.7
386.5
179.1
182.4
184.1
167
101.9
39.6
2.6
-0.4
-0.4
-0.4
-0.4
-0.4
-0.4
-0.4
-0.4
-0.4
-0.4
-0.1
3.2
36.5
64.4
64.9
88.9
357.6
441.1
368.8
201.5
255.5
199.3
97.9
6.6
-0.4
-0.4
-0.4
-0.4
-0.4
-0.4
-0.4
-0.4
-0.4
-0.4
-0.3
25.1
53.4
130.1
195.3
262.1
320.7
132.6
334.3
291.5
204.8
211.1
79.2
6.3
-0.4
-0.4
-0.4
-0.4
-0.4
-0.4
-0.3
-0.2
-0.2
-0.2
0.9
31.5
109.8
172.2
98.1
302.1
306.4
66.2
212.7
153.8
267
219.6
112
15.2
-0.4
-0.4
-0.4
-0.4
-0.2
-0.2
-0.2
245.5
245.5
245.5
245.5
245.5
245.5
245.5
245.5
245.5
195.5
42
98.5
144.8
68.9
123
48
-0.1
-0.4
-0.4
-0.4
-0.4
-0.4
-0.4
-0.3
-0.3
-0.2
-0.2
166.1
166.1
166.1
196.2
278.9
328.4
439.6
148.4
95.7
118.5
81.7
25.4
4.9
1.3
-0.4
-0.4
-0.4
-0.4
-0.4
-0.4
-0.4
-0.3
-0.3
-0.3
-0.3
25.3
115.8
117.2
288
291.5
270.5
166.2
158.7
260
83
192
27.1
24.7
-0.4
-0.4
-0.4
-0.4
-0.4
-0.4
-0.4
-0.4
-0.4
-0.4
-0.4
8.2
31.9
70
181.4
250.9
225.2
246.3
288.2
196.3
92.4
49.6
8.9
-0.8
-0.3
-0.3
-0.3
-0.3
-0.3
-0.3
-0.3
-0.3
-0.2
-0.2
-0.2
12.8
66.5
22.4
168.4
129.2
145.3
191.9
308
335.8
175
175
55.4
1.6
-0.3
-0.2
-0.2
-0.2
0
0
0
0
0
0
-0.1
27.6
88.6
140.7
294.9
206.3
176.6
358.2
330.8
314.4
117.1
139.6
53.9
-0.2
-0.4
-0.4
-0.4
-0.2
-0.2
-0.2
-0.2
0
0
0
-0.1
20.9
91.5
244.9
296.6
349.5
373.2
383.2
366
328.7
252.7
168.9
64
1.5
-0.2
-0.2
0
0
0
0
0
0
0
0
-0.2
27
92.9
242.8
274.7
197.3
360.2
436.3
316.2
350.2
73
25.1
62.4
-0.2
-0.4
-0.3
-0.2
-0.2
0
0
0
0
0
0
-0.2
21.6
86
192
271.5
305.8
199.3
122.3
94.8
107.6
66.3
39
16.8
-1.4
-0.4
-0.4
-0.4
-0.3
-0.2
-0.2
-0.2
-0.2
-0.2
-0.2
-0.3
20.7
55.7
101.2
221.3
85.6
121.7
237.2
67.3
98.7
23.1
79.7
5.1
-1.8
-0.2
-0.2
-0.2
-0.2
-0.2
-0.2
-0.2
-0.2
-0.2
-0.2
-0.2
-0.3
-0.4
0.2
69.1
321.1
315.5
358.3
352.4
305.8
169.2
76.8
32.4
-0.3
-0.4
-0.2
-0.2
-0.2
-0.2
-0.2
-0.2
-0.2
-0.2
0
0
1.4
62.6
74.3
179.4
127.1
211.9
207.2
267.9
271.9
149.4
51.2
60.1
-0.2
-0.3
-0.2
-0.2
0
0
0
0
0
0
0
0
17.1
51.4
144.4
267.3
226.9
184.2
304.1
435.3
369.4
101.9
105.4
19.1
-1.2
-0.2
-0.2
0
0
0
0
0
0
0
0
0
2.2
10
59.5
68.8
106.7
192.2
138
94.2
120.4
125.4
57.8
64.1
-0.1
-0.2
0
0
0
0
0
0
0
0
0
0.2
21.8
87.3
204.1
306.9
351.4
411.6
388.2
361.7
326.3
201.9
38.9
4.8
-1.3
-0.4
-0.3
-0.2
-0.2
-0.2
-0.2
0
0
0
0
0
-1.1
8.8
10.9
7.2
3.7
16.2
70.8
55.8
76
53.3
10.1
3.9
-1
-0.2
-0.2
-0.2
-0.2
-0.2
-0.2
-0.2
-0.2
-0.2
0
0
16.7
55.4
34.6
105.6
161.6
251.3
226.7
158.6
62.2
61.8
205.3
47.2
-1.4
-0.2
-0.2
-0.2
0
0
0
0
0
0
0
0
1.6
12.9
47.1
22.2
49.9
90.9
76.7
106.5
90.8
78.5
19.5
0
0.0999999999999999
-0.2
-0.2
-0.2
-0.2
-0.2
0
0
0
0
0
0
16.8
93.3
172.7
224.3
339.8
250.9
351.8
365.9
349.6
288.3
162
49.6
-0.9
-0.2
0
0
0
0
0
0
0
0
0
0
1.5
72.3
187
277.6
220
237.9
348.2
227.7
323.4
239.8
91.9
28.8
-1.5
-0.2
0
0
0
0
0
0
0
0
0
0
11.9
58.3
226.2
117.1
53.7
127.1
100.8
134
54.3
50.3
27.9
7.5
-0.3
0
0
0
0
0
0
0
0
0
0
0
-0.1
4.9
22.4
30.7
141.3
85.9
21.4
95
37
36.8
8.8
-0.1
-0.2
0
0
0
0
0
0
0
0
0
0
0
7.3
20.6
19.9
37.6
93.8
72.5
122.6
125.8
69.7
62.3
33.4
3.3
-0.4
-0.2
-0.2
-0.2
-0.2
-0.2
-0.2
-0.2
-0.2
-0.2
-0.2
-0.2
1.4
16.5
45.6
134.8
98.9
257.5
131.9
64
30.8
100.5
60.3
15.9
-0.7
-0.4
-0.3
-0.3
-0.2
-0.2
-0.2
-0.2
-0.2
-0.2
-0.2
-0.2
0.4
12.1
85.9
220.3
105.3
387
175.4
106.8
65.1
5.3
7.5
0
-0.2
-0.2
-0.2
-0.2
-0.2
-0.2
-0.2
-0.2
-0.2
-0.2
-0.2
-0.2
22.2
70.7
63.7
84.8
97
179.5
107.4
259.5
81.9
62.7
6.3
-0.7
-0.6
-0.4
-0.4
-0.4
-0.4
-0.3
-0.2
-0.2
-0.2
-0.2
-0.2
-0.2
-0.4
1
9.4
45.1
17.1
121.9
59
82.7
43.1
35.3
68.5
16
-0.6
-0.3
-0.2
-0.2
-0.2
-0.2
-0.2
-0.2
-0.2
-0.2
-0.2
-0.2
8.9
79.3
152.4
137.9
222
129.3
135.3
114.1
105.8
33.1
19.5
2.5
-0.4
-0.3
-0.3
-0.2
-0.2
-0.2
-0.2
-0.2
-0.2
-0.2
-0.2
-0.2
1.1
4.6
21.7
137.8
133.7
126.4
167.4
77.2
118.9
59.3
35.5
-0.7
-0.4
-0.3
-0.2
-0.2
-0.2
-0.2
-0.2
-0.2
-0.2
-0.2
-0.2
-0.2
8.6
68.7
222.5
142
181
260.3
170.8
241
195.7
142.2
88.4
24.9
-0.6
-0.4
-0.4
-0.4
-0.4
91.9
91.9
91.9
91.9
91.9
91.9
91.9
91.9
91.9
111.7
167.2
193.3
208.4
208.3
196.1
164.7
123
64.1
8.9
-0.2
0
0
0
0
0
0
0
0
0
0
0
0.2
43.4
89
157.9
196.7
221.4
222.5
213.1
179
128.4
65.7
9.6
-0.2
0
0
0
0
0
0
0
0
0
0
0
4.3
40.2
112.2
165.1
197.1
215.2
218.3
205.2
178.7
124.1
61
9.3
0
0
0
0
0
0
0
0
0
0
0
0
1
30.3
45.2
66.6
142.7
74.2
134.3
87.8
121
49.3
42.9
3.5
0
0
0
0
0
0
0
0
0
0
0
0
0.2
4.1
15.4
51
40.8
44.4
7.6
2.9
9.4
2.4
-0.9
-0.1
0
0
0
0
0
0
0
0
0
0
0
0
0
0
0
0
0
0
0
0
0
0
0
0
0
0
0
0
0
0.5
0.5
0.5
0.5
0.5
0.5
0.5
0.5
0.5
0.5
0.5
0.5
0.5
0.5
0.8
-0.8
3
1.11022302462516e-16
0.3
0
0
0
0
0
0
0
0
0
0
0
0
0
-0.2
0.1
0
12.7
3
25.9
26.7
0
-0.3
2.9
-1.3
-1.2
-1.2
-1.2
-1.2
-1.2
-1.2
0
0
0
0
0
0
0
3.4
12.6
70.5
172.1
143
152.4
77.8
15.4
71.3
20.8
-0.2
0
0
0
0
0
0
0
0
0
0
0
0
0
0
0
0
0
0
0
0
0
0
0
0
0
0
0
0
0
139.1
139.1
139.1
139.1
139.1
139.1
139.1
139.1
139.1
139.1
139.1
139.1
139.1
139.1
116.2
59.7
29.9
14.6
-0.2
0
0
0
0
0
0
0
0
0
0
0
0
0.9
21.7
24.1
40.3
43.2
132.2
126.1
126.8
57.2
24.6
14.2
-0.3
0
0
0
0
0
0
0
0
0
0
0
0
0.1
19
69.4
109.2
137.2
157.9
56
139.1
97.7
51.8
8.1
0
0
0
0
0
0
0
0
0
0
0
0
0
0
164.4
164.4
164.4
164.4
164.4
164.4
164.4
164.4
164.4
164.4
164.4
164.4
164.4
164.4
146.5
111
57.2
4.3
-0.4
0
0
0
0
0
0
0
0
0
0
0
0
0.1
23.1
72.6
112.7
101.4
172.2
66.4
78.8
79.2
43.6
9.1
-0.2
0
0
0
0
0
0
0
0
0
0
0
0
0.3
8.6
37.5
57
69.3
105.8
144.3
57.7
42.6
36.2
10.3
-0.3
0
0
0
0
0
0
0
0
0
0
0
0
0.6
7.4
56.7
108.3
133.3
148.7
153.4
121.1
93
48.9
10.6
-0.4
0
0
0
0
0
0
0
0
0
0
0
0
0.7
23.5
47.4
72.6
128.2
168.5
163
146.8
83.2
12.6
9.5
-0.2
0
0
0
0
0
0
0
0
0
0
0
0
-0.1
19
34.2
94.6
130.6
154.2
188.7
139.1
72.2
35.1
12.6
-0.2
0
0
0
0
0
0
0
0
0
0
0
0
0
24.2
72.9
124.2
148.2
170.9
168
146.8
103.1
55.3
15.6
-0.3
0
0
0
0
0
0
0
0
0
0
0
0
0.1
21.3
70.2
121
146.1
158
157.8
139.9
99.7
48.8
9.3
-0.4
0
0
0
0
0
0
0
0
0
0
0
0
0
17.8
55.5
100.6
127.9
151.1
148.7
121.5
86.5
42.1
7.9
-0.2
0
0
0
0
0
0
0
0
0
0
0
0
-0.2
25.8
66.7
93.5
94
111.7
50.1
50.2
54.4
34.5
4.3
0
0
0
0
0
0
0
0
0
0
0
0
0
-0.2
8.2
18.3
74.5
118.6
124.5
127.5
109.6
75.4
35.3
5.7
-0.2
0
0
0
0
0
0
0
0
0
0
0
0
-0.2
11.1
45.8
39.2
90.8
123.4
114.8
100.5
73.6
7
7
0
0
0
0
0
0
0
0
0
0
0
0
0
-0.2
8.9
20.8
46.6
117.1
126.4
133.1
50.3
77.3
11.4
7.9
-0.2
0
0
0
0
0
0
0
0
0
0
0
0
-0.2
8.5
37
95.4
116.9
129.5
128.8
123.2
77.2
32.4
3.5
0
0
0
0
0
0
0
0
0
0
0
0
0
0
7.7
33.6
16.1
28.8
120.9
55
96.5
89
34.5
7.6
0
0
0
0
0
0
0
0
0
0
0
0
0
-0.1
13.3
48.2
102.4
124.1
138.5
137
119.8
77
37.8
10.7
-0.2
0
0
0
0
0
0
0
0
0
0
0
0
-0.2
12.9
46.5
96.8
117.5
129.8
129.9
111.8
74.8
35.7
7.6
0
0
0
0
0
0
0
0
0
0
0
0
0
0
5.7
47.1
41.7
44.6
118.2
42.8
39
29.8
19
-0.6
0
0
0
0
0
0
0
0
0
0
0
0
0
0
3.6
13.6
16.9
26.8
31.2
27.4
145.8
0
0
0
0
0
0
0
0
0
121.6
121.6
121.6
121.6
121.6
121.6
121.6
121.6
121.6
121.6
121.6
179
195.9
82.4
32.3
14.4
9.8
3.8
0
0
0
0
0
0
0
0
0
0
0
0
0
0
8.5
35
91.7
139.8
162.7
170.8
148.2
96.1
56
5
0
0
0
0
0
0
0
0
0
0
0
0
0
0
6.8
34.5
99.5
158.4
178.6
180
154
24
28
-1.1
0
0
0
0
0
0
0
0
0
0
0
0
0
0
1.7
35.6
100.9
157
182.7
165.7
164
110.8
53.7
8.1
0
0
0
0
0
0
0
0
0
0
0
0
0
0
3.8
34
95.7
147.8
167.2
155.7
79.5
81
34.4
2.3
0
0
0
0
0
0
0
0
0
0
0
0
0
0
8.9
25.9
77.5
125.1
144.2
145.9
125.2
124.9
41.6
4.2
0
0
0
0
0
0
0
0
0
0
0
0
0
0
6.2
37.1
42.5
54.5
130
128
66.1
36.5
23.8
1.2
0
0
0
0
0
0
0
0
0
0
0
0
0
0
4.5
25
63.7
101.8
115.1
100.2
52.8
35.6
26.7
5.1
0
0
0
0
0
0
0
0
0
0
0
0
0
0
1.8
18.7
46.3
68.6
100.8
50.2
18.5
43.7
6.9
-0.3
0
0
0
0
0
0
0
0
0
0
0
0
0
0
4.5
30.7
83.9
145
173.6
174.9
150.9
104.2
56.4
7.1
0
0
0
0
0
0
0
0
0
0
0
0
0
0
3.8
32.9
84.4
138.2
133.6
100.6
124.7
69
41.6
3.8
0
0
0
0
0
0
0
0
0
0
0
0
0
0
1.9
24.1
71.8
127.5
123.5
124.9
111.3
66.2
30.7
0.3
0
0
0
0
0
0
0
0
0
0
0
0
0
0
2.2
16.3
52.9
99.7
116.6
96.7
107.1
35.1
21.6
1
0
0
0
0
0
0
0
0
0
0
0
0
0
0
0.7
17.7
72.3
85.3
102.4
101.2
87.5
23.7
2.8
4.2
0
0
0
0
0
0
0
0
0
0
0
0
0
0
-0.2
0.6
2.9
10.8
2
2.4
0.3
8.5
-0.3
-0.3
0
0
0
0
0
0
31.4
31.4
31.4
31.4
31.4
31.4
31.4
31.4
31.4
31.4
37.1
70.6
150.9
150
118.4
38.2
50.5
0.6
0
0
0
0
0
0
0
0
0
0
0
0
0
0
1.2
22.8
66.1
122
147
151.8
130.5
77.8
34.6
1.6
0
0
0
0
0
0
0
0
0
0
0
0
0
0
0.4
16.4
63.8
29.1
61.6
35.7
42.4
49
24.2
0.6
0
0
0
0
0
0
0
0
0
0
0
0
0
0
0.5
17
34.8
37.4
53.8
47.3
37.8
28.8
20.7
3.4
0
0
0
0
0
0
0
0
0
0
0
0
0
0
0
13.8
29.9
50.9
53.3
120.9
120.7
65.5
36.2
4.7
0
0
0
0
0
0
0
0
0
0
0
0
0
0
0.8
5.5
39.6
44.5
71.7
75.4
22.6
73.8
13.6
0.7
0
0
0
0
0
0
0
0
0
0
0
0
0
0
1.1
18.2
55.7
94.3
111.3
115.9
101.7
67.8
34.9
5.3
0
0
0
0
0
0
0
0
0
0
0
0
0
0
1.6
18.7
54.4
83.6
113.8
117.8
94.3
67.6
28.2
0.0999999999999999
0
0
0
0
0
0
0
0
0
0
0
0
0
0
0.1
2.6
6
9
27.3
11.4
25.8
3.8
19.7
-0.1
0
0
0
0
0
0
0
0
0
0
0
0
0
0
0.9
41.6
34.5
60.8
176.8
71
147.9
112.9
23.7
9.6
0
0
0
0
0
0
0
0
0
0
0
0
0
0
2
21
63.9
112.1
136.9
141.2
102.3
66.8
34.8
6.4
0
0
0
0
0
0
0
0
0
0
0
0
0
0
0
0.1
4.6
15.2
18.3
19
11.6
6.9
2.4
0.5
0
0
0
0
0
0
0
0
0
0
0
0
0
0
0
1
9.6
39
61.2
18.9
27.2
15.5
3
0.4
0
0
0
0
0
0
0
0
0
0
0
0
0
0
1.8
21.1
70.9
127.7
130.6
135.5
119.3
79.8
43.8
13.7
-0.2
0
0
0
0
0
0
0
0
0
0
0
0
0
0.6
12.6
62.7
59.8
93.6
56.6
41.2
35.4
26.3
5.9
0
0
0
0
0
0
0
0
0
0
0
0
0
0
0.4
14.3
47.1
84.4
105.5
109.7
97.8
68.2
29.4
4.9
0
0
0
0
0
0
0
0
0
0
0
0
0
0
0.6
20.6
52.8
62.1
77.3
140.4
124.7
87.7
43.1
4.1
0
0
0
0
0
0
0
0
0
0
0
0
0
0
0.8
19.5
68.1
108.8
84.2
116.5
89
71.4
45.4
6.3
0
0
0
0
0
0
0
0
0
0
0
0
0
0
0.7
11.9
50.2
98
121.8
123.9
79.2
102.1
21.5
3.5
0
0
0
0
0
0
0
0
0
0
0
0
0
0
-0.1
0.2
7.8
2.6
10.3
5.6
5.1
2.7
-0.6
0.2
0
0
0
0
0
0
0
0
0
0
0
0
0
0
0
-0.1
0.3
-1
-1.7
7.5
5.5
4.2
0.1
-0.1
0
0
0
0
0
0
0
0
0
0
0
0
0
0
0
-0.1
-0.1
-1
-0.9
-0.1
-0.1
-1.2
-1.5
-0.1
0
0
0
0
0
0
0
0
0
0
0
0
0
0
0.8
13.1
44.5
65.4
90.2
108.3
63.1
65.2
30.6
4.2
0
0
0
0
0
0
0
0
0
0
0
0
0
0
0.9
24.3
62.6
98.8
125.6
123.8
113.1
78.2
40.3
8.4
-0.2
0
0
0
0
0
0
0
0
0
0
0
0
0
0.4
6.6
52.7
52.1
128.8
120.7
108.4
75.3
28.1
2.5
-0.2
0
0
0
0
0
0
0
0
0
0
0
0
0
-0.2
7.3
33.6
87.8
37.3
29
56.7
43.4
11.9
2.2
0
0
0
0
0
0
0
0
0
0
0
0
0
0
-0.1
13.3
34.3
74.6
56
34.6
91.7
32
28.2
11.8
-0.2
0
0
0
0
0
0
0
0
0
0
0
0
0
0.6
10
39.1
45.8
70.9
110
43.9
54.9
29.6
11.7
-0.2
0
0
0
0
0
0
0
0
0
0
0
0
0
0.8
17.6
36.3
82
32.5
57.9
107.3
73.5
36.9
3.3
-0.2
0
0
0
0
0
0
0
0
0
0
0
0
0
0.6
16.9
36.4
82.7
110.7
109.1
47.7
58.7
27.1
6.1
-0.2
0
0
0
0
0
0
0
0
0
0
0
0
0
0.8
14.6
32.1
54.5
87.2
115.6
105.7
71.7
40.9
17.8
-0.3
0
0
0
0
0
0
0
0
0
0
0
0
0
0.6
7.3
38.2
87.8
109.3
117
103.9
74.4
42.9
21.1
-0.4
0
0
0
0
0
0
0
0
0
0
0
0
0
0.2
7.1
27.6
10.6
36.1
14.3
36.8
42.7
16
10.8
-0.2
0
0
0
0
0
0
0
0
0
0
0
0
0
0.3
13.9
42.4
76
134.6
54
106.9
28.4
19.5
4.4
-0.3
0
0
0
0
0
0
0
0
0
0
0
0
0
1.5
7.6
39.9
92.2
112.9
117.2
107.9
76.7
43.7
23.4
-0.3
0
0
0
0
0
0
0
0
0
0
0
0
0
-0.2
2
9.3
2.6
7.5
6.8
13
2.3
0.2
-1.6
0
0
0
0
0
0
0
0
0
0
0
0
0
0
0.3
4.4
17.8
29.6
71.9
70.7
55.6
28.1
28.5
7.1
-0.2
0
0
0
0
0
0
0
0
0
0
0
0
0
0.8
14.5
41.1
84.8
104
110.2
92.8
67.6
28.8
8.4
-0.2
0
0
0
0
0
0
0
0
0
0
0
0
0
0.5
7
28
36.2
48.8
40.3
29.2
20.6
12
2.7
-0.2
0
0
0
0
0
0
0
0
0
0
0
0
0
0.8
16
33.2
69.9
56.2
67.2
45.3
30.5
19.9
2.3
-0.1
0
0
0
0
0
0
0
0
0
0
0
0
0
-0.2
1.8
6.1
5
5.4
7.2
11.9
6.9
2
0.9
-0.1
0
0
0
0
0
0
0
0
0
0
0
0
0
0.5
14.1
30.4
68.2
114.6
139.5
103
88.8
22.3
0.3
-0.1
0
0
0
0
0
0
0
0
0
0
0
0
0
0.5
10.5
16.1
28.5
24.1
27.5
43.2
18
33.3
1.1
-0.1
0
0
0
0
0
0
0
0
0
0
0
0
0
3.3
16.1
53.5
48.9
147.8
54.5
109.2
116.5
64.1
7.2
-2.77555756156289e-17
0
0
0
0
0
0
0
0
0
0
0
0
0
0.9
8.8
19.5
64.6
68.1
54.9
98.4
52.9
16.7
33.7
-2.77555756156289e-17
0
0
0
0
0
0
0
0
0
0
0
0
0
4.2
12.3
18.7
85
115.3
114.7
77.2
36.2
32.2
12.8
-0.3
0
0
0
0
0
0
0
0
0
0
0
0
0
4.4
34.9
36.9
112.6
114.6
79.3
106.7
85.6
48.1
20.2
-0.2
0
0
0
0
0
0
0
0
0
0
0
0
0
-0.1
6
40.6
114.7
42.4
45.9
66
130.5
13.5
27.4
5.55111512312578e-17
0
0
0
0
0
0
0
0
0
0
0
0
0
3
16.5
57.4
104.9
120.4
130.6
120
115.1
66.7
27.9
0
0
0
0
0
0
0
0
0
0
0
0
0
0
3
28.8
79.5
138.2
161.2
136.5
157.8
125.8
76.3
35.8
-0.5
0
0
0
0
0
0
0
0
0
0
0
0
0
3.4
29
77
118.8
134.8
111
81.1
89.6
43.5
14
0.5
0
0
0
0
0
0
0
0
0
0
0
0
0
3
25.3
65.9
110.6
114.6
127.1
125.9
83
52.1
22.7
-0.2
0
0
0
0
0
0
0
0
0
0
0
0
0
0
21.6
27
79.5
43.3
78.9
126.6
128.3
77.1
34
-0.4
0
0
0
0
0
0
0
0
0
0
0
0
0
3
28.4
78.6
124.6
68.5
112.4
132.6
96.7
55.4
23.2
-0.8
0
0
0
0
0
0
0
0
0
0
0
0
0
3.9
23.7
40.4
79.3
102.8
110.8
102.1
86.2
51.2
2.6
-0.6
0
0
0
0
0
0
0
0
0
0
0
0
0
3.5
42.9
78.4
77.4
113.9
110.7
104.2
95.7
36.2
4.5
-0.5
0
0
0
0
0
0
0
0
0
0
0
0
0
-0.2
0.9
9.4
12
10.7
7.5
2.5
3.3
3.2
-0.1
-0.2
0
0
0
0
0
0
0
0
0
0
0
0
0
0.9
11.2
27.3
35
19.3
32.3
28.3
42.5
24.7
17
0.9
0
0
0
0
0
0
0
0
0
0
0
0
0
7.4
33.8
84.7
128.7
150.8
132.8
152.5
121.1
80.5
36.5
0
0
0
0
0
0
0
0
0
0
0
0
0
0
7.3
33.5
78.8
121.6
95.6
35.2
3.6
10
10.2
0.6
-0.2
0
0
0
0
0
0
0
0
0
0
0
0
0
0
0.8
13.4
15.3
10.6
162.8
13.4
58.3
6.6
36.4
-0.2
0
0
0
0
0
0
0
0
0
0
0
0
0
-0.3
0
-0.4
2
-0.1
1.6
4.6
27.7
1.8
4.2
-0.4
0
0
0
0
0
0
0
0
0
0
0
0
0
-0.3
0.7
5
14.5
42.6
41.1
59.6
41.3
33.1
19.6
1
0
0
0
0
0
0
0
0
0
0
0
0
0
1.6
14.3
46.4
76
112.1
144.1
150.7
111.1
63
22.5
-0.6
0
0
0
0
0
0
0
0
0
0
0
0
0
6.4
41.3
88.3
127
148.9
160.1
150.2
122.9
80.2
35.7
2.4
0
0
0
0
0
0
0
0
0
0
0
0
0
8.6
39.5
85.4
88.5
122.5
164.3
131.2
62
23.6
4.9
0.1
0
0
0
0
0
0
0
0
0
0
0
0
0
8.1
37.4
77.3
119.9
120
129.9
113.3
39.7
52.3
41.7
1.4
0
0
0
0
0
0
0
0
0
0
0
0
0
2.7
38.4
80.8
117
135.2
142.6
138.5
115
73.6
32
1.5
0
0
0
0
0
0
0
0
0
0
0
0
0
5.2
38.1
81
139.2
157.9
167.1
70.6
99.8
22.7
8.9
0.5
0
0
0
0
0
0
0
0
0
0
0
0
0
-0.1
0.5
-0.5
-0.4
0.5
14.1
2.2
0.5
0.1
-0.2
0.2
0
0
0
0
0
0
0
0
0
0
0
0
0
1
8.9
13.1
33.7
90.5
71.3
97.1
25.9
86.9
42.6
4.2
0
0
0
0
0
0
0
0
0
0
0
0
0.1
10.1
43.8
94.2
132.8
159.1
164.3
156.6
136.7
84.8
39.3
4.4
0
0
0
0
0
0
0
0
0
0
0
0
0
0.8
6.3
7.3
5.2
8.8
28.4
23.5
17.5
9.7
5.4
0.7
0
0
0
0
0
0
0
0
0
0
0
0
0
10.6
31
28.5
46
63.4
64.5
56.5
95.9
80.2
24.1
4.2
0
0
0
0
0
0
0
0
0
0
0
0
0
12.8
33.6
39.1
42.1
80.7
72.6
51.8
30
20.1
2.1
-0.3
0
0
0
0
0
0
0
0
0
0
0
0
0
10
47.6
107.4
135.1
175.9
120.8
149.3
124.1
82.1
33.7
4.7
0
0
0
0
0
0
0
0
0
0
0
0
0
10.8
45.5
34
103
54
131.9
89.5
39.6
49.5
11
2
0
0
0
0
0
0
0
0
0
0
0
0
0
9.2
15.7
63.3
134.8
150
107.9
127.9
190.7
41.3
19
3
0
0
0
0
0
0
0
0
0
0
0
0
-0.2
7.9
48.3
94.5
128.1
148.6
153.6
147.1
127.7
90.3
42.7
6.7
0
0
0
0
0
0
0
0
0
0
0
0
-0.1
8.1
52
95.3
128.1
135
155.3
147.9
125.4
87
41.4
5.7
0
0
0
0
0
0
0
0
0
0
0
0
0
-0.2
19.9
15.9
14.4
21.7
20.7
14.3
7
7.4
3.7
4.1
0
0
0
0
0
0
0
0
0
0
0
0
0
6.1
19.2
96.6
124.6
142.1
146.5
137.5
118.3
83.8
37.5
5.2
0
0
0
0
0
0
0
0
0
0
0
0
-0.2
13.1
30.9
38.9
48.1
73.7
69.1
42.4
17.4
8.1
-0.8
-0.2
0
0
0
0
0
0
0
0
0
0
0
0
0
0.5
2.2
19.4
28.3
46.4
2.9
8.5
2.2
1.9
0
0.7
-0.2
0
0
0
0
0
0
0
0
0
0
0
0.4
8.2
55.8
102.6
134.7
156.3
164.8
127.6
133.2
96
47.2
8.9
-0.2
0
0
0
0
0
0
0
0
0
0
0
0.6
11.5
54.8
99.3
126.7
143.4
151.4
143.9
127.6
90.5
40.9
6.9
0
0
0
0
0
0
0
0
0
0
0
0
-0.2
2.1
38.9
68
131.5
129.5
147.5
141.8
138.2
84.5
34.7
8.6
0
0
0
0
0
0
0
0
0
0
0
0
0.6
9.3
57
105.4
132.3
157.4
157.6
153.9
133
94.2
45.6
7.4
-0.3
0
0
0
0
0
0
0
0
0
0
0
0.8
11.9
49.9
89.6
121.3
67.3
157.9
164.1
131.1
96.3
44.7
7.5
-0.2
0
0
0
0
0
0
0
0
0
0
0
0.9
10.9
58.8
101.7
130.6
149.7
154.1
81.4
133.4
57.2
31.1
4.2
0
0
0
0
0
0
0
0
0
0
0
0
0.9
12.4
53.1
93.8
119.4
331.5
372.9
362.4
322.1
231.7
112.4
21.3
-0.3
0
0
0
0
0
0
0
0
0
0
0
0
34.1
109.7
267.8
337.3
370.6
387.8
368.6
317.7
244.6
140.5
32
-0.3
0
0
0
0
0
0
0
0
0
0
0
1.5
39.9
11.8
26.6
225.2
386.2
416.4
408
364.4
282.6
160.4
33.9
-0.3
0
0
0
0
0
0
0
0
0
0
0
1.5
50.5
164.7
268.1
333.1
368.9
380.1
364.8
326.8
251.5
139
31.8
-0.4
0
0
0
0
0
0
0
0
0
0
0
1.2
49.4
138.6
231.1
294.8
334.8
342.2
327.2
283.9
211.4
100.5
22.5
-0.4
0
0
0
0
0
0
0
0
0
0
0
0.9
39.6
143.1
248.7
323.1
373
394.6
377.8
325.7
264.7
159.9
46.3
-0.4
0
0
0
0
0
0
0
0
0
0
0
2.4
53.7
164.2
264.5
330.6
376.5
389.1
382.3
328.8
254.7
148.6
40.5
-0.3
0
0
0
0
0
0
0
0
0
0
0
4.3
61.7
164.5
265.1
331.5
369.7
382.1
361.9
313.9
232.8
129.9
33.7
-0.4
0
0
0
0
0
0
0
0
0
0
0
3.9
58.1
164.1
263.4
321.1
359.3
375.4
365.6
312.6
227
119.3
18.3
-0.3
0
0
0
0
0
0
0
0
0
0
0
-0.1
2.6
4
10.2
20.4
25.8
29.2
34.7
33.9
17.9
30.9
-0.5
-0.2
0
0
0
0
0
0
0
0
0
0
0
0.5
5.4
12.2
47.4
46.2
59.6
29.1
75.2
363.8
302.9
172.1
46.7
-0.4
0
0
0
0
0
0
0
0
0
0
0
5.1
25.9
81.2
154.7
135.2
135.9
164.3
251
160
134.5
74.8
18.3
-0.2
0
0
0
0
0
0
0
0
0
0
0
21.8
85.1
197.4
310.8
346.3
394.3
339.8
366.8
289.1
104.6
48.2
9.6
-0.1
0
0
0
0
0
0
0
0
0
0
0
11.8
60.4
218.2
320.8
357.6
318.1
376.1
364.5
325.5
216.1
169.6
47.3
-0.3
0
0
0
0
0
0
0
0
0
0
0
11
77
191
293.9
358.7
402.9
365.5
348.6
296.5
199.4
138.6
28.9
-0.3
0
0
0
0
0
0
0
0
0
0
0
0.9
17.5
86.7
138.9
209.8
334.3
358
362.4
290.5
233.9
143.8
45
-0.3
0
0
0
0
0
0
0
0
0
0
0
12.6
70.6
166.1
272.8
305.6
345.8
349.3
317.7
290.4
206.5
73
23.5
-0.3
0
0
0
0
0
0
0
0
0
0
0
12.2
74.5
180.9
272.4
334
379.8
397.7
371.9
314
243.3
148.6
43.1
-1.1
0
0
0
0
0
0
0
0
0
0
0
13.1
73.5
174.6
262.1
338.1
379
388.7
378.8
349.7
284.6
177.3
56.2
-0.3
0
0
0
0
0
0
0
0
0
0
0
10.8
83
204.4
300.7
369.3
403.5
412.3
398.6
358.7
282.6
159.8
57.5
-0.9
0
0
0
0
0
0
0
0
0
0
0
14.5
86.7
198.9
296.6
366.8
395.7
382
378.7
224.1
149.2
65.4
30.9
-1.3
0
0
0
0
0
0
0
0
0
0
0
14.2
75.5
178.9
269.8
335.5
364.2
368.8
355.3
299.7
215.8
124.8
35.5
-0.7
0
0
0
0
0
0
0
0
0
0
0
16.7
75.2
177.3
278.3
343.6
384.2
397.8
380.2
334.4
248.8
144.4
40.2
-0.8
0
0
0
0
0
0
0
0
0
0
0
16.9
75.7
179.8
269.8
340.9
375.1
381.4
358.1
298.8
177
78.8
29.3
-0.7
0
0
0
0
0
0
0
0
0
0
0
17.2
69.6
99.6
240.2
127.6
150.4
297
260.5
139.3
61.6
115.1
32.6
-0.4
0
0
0
0
0
0
0
0
0
0
0
2.9
46.9
52.6
113.8
85.2
114.5
103.3
68.8
58
44.6
26.7
4.2
-0.2
0
0
0
0
0
0
0
0
0
0
0
20.3
113.8
115
185.3
207.5
400.2
127.6
125.3
99.9
58.6
50.9
15.2
-0.8
0
0
0
0
0
0
0
0
0
0
0.1
13.8
67.2
207.9
318.1
281.7
316.2
449.5
420.2
343.2
292
155.8
60.9
-0.2
0
0
0
0
0
0
0
0
0
0
0
20.5
96.1
203.6
296.4
354.1
386.6
396.9
369.3
326.3
271.2
152.9
36
-0.7
0
0
0
0
0
0
0
0
0
0
0
23.3
84.7
166.3
207.7
326.9
268.1
266.8
271.8
251.3
166.1
74
32
-0.6
0
0
0
0
0
0
0
0
0
0
0.1
20.9
95.9
200.6
286.7
349
387.2
385
370.3
321.4
253.8
162.4
25.3
-0.6
0
0
0
0
0
0
0
0
0
0
0
-0.1
1.4
26.6
11.9
56.3
310.7
319.7
111
137.7
36.3
132.2
51.8
-0.1
0
0
0
0
0
0
0
0
0
0
0
7
44.2
235.6
304.3
189.2
376.4
322.7
388.8
340.9
261.8
160.3
56.3
-1.3
0
0
0
0
0
0
0
0
0
0
0
8.2
15.5
38.8
26.7
39.5
52.7
43
16
14.9
4.2
0.3
-0.2
0
0
0
0
0
0
0
0
0
0
0
-0.1
27.4
70.4
85.6
96.1
313.8
408.4
308.7
248.9
88.2
22.2
2.2
-0.7
-0.4
0
0
0
0
0
0
0
0
0
0
-0.2
28.1
58.4
117
315.3
375.4
421.7
435.2
417.1
359.6
283.9
141.7
61.8
-0.6
0
0
0
0
0
0
0
0
0
0
0.1
29.4
107.3
198.1
332.2
234.3
385.5
453.9
226.3
269.1
136.5
126.5
28.5
-1.2
0
0
0
0
0
0
0
0
0
0
0
22.6
61.3
143.3
333
375.5
417
421.2
401.4
354
278.3
148.5
34.8
-1.1
0
0
0
0
0
0
0
0
0
0
0.2
24.8
106.9
212.5
280.8
372
407.3
415.2
404.4
354.2
277.2
174.4
61.1
-0.8
0
0
0
0
0
0
0
0
0
0
0
28.7
97.9
185.5
216.8
274.2
301.5
241.5
294.3
258.1
236
144.9
48.3
-1
0
0
0
0
0
0
0
0
0
0
0.1
29
107.4
207.2
292.7
376.7
404.9
410.9
397.4
346.5
181.8
146.9
51
-0.1
0
0
0
0
0
0
0
0
0
0
-0.3
25.8
107.7
209.3
293.5
365.1
397.8
408.6
390.4
343.6
271.7
170
60.4
0
0
0
0
0
0
0
0
0
0
0
-0.1
29.2
107.9
203.6
287.3
348.9
381.5
402.9
381.7
332.1
258
164.8
59.3
0.0999999999999999
0
0
0
0
0
0
0
0
0
0
-0.3
29.5
106.8
206.4
288.7
345.7
377.7
382.2
360.6
318.1
251.4
160.6
60
0.7
0
0
0
0
0
0
0
0
0
0
-0.2
31.2
105.5
207.4
284.3
343.5
356.7
395.6
404.4
309
255.9
108.3
40
-1.3
0
0
0
0
0
0
0
0
0
0
-0.1
7.8
57.5
89.3
112.9
143.6
242.7
148.3
344.6
256.3
235.7
126.7
45.6
-0.1
0
0
0
0
0
0
0
0
0
0
-0.1
36.6
96.8
138
112.1
183.1
164.7
171.2
70.8
77
21.3
36.6
11.6
0.6
0
0
0
0
0
0
0
0
0
0
-0.2
0
0.1
18.1
72.7
118.1
110.4
104.3
160.6
131.9
70.4
33.1
6.2
0.1
0
0
0
0
0
0
0
0
0
0
-0.1
18.5
51.3
168.2
275
234
372.9
352.5
353.8
259.8
244
133.4
68.2
1.9
0
0
0
0
0
0
0
0
0
0
0.4
39.1
95.3
146.3
190
198.9
319
111.1
228.9
119.5
69.1
60.9
29.4
0
0
0
0
0
0
0
0
0
0
0
1.2
31.4
110.9
217.3
297.1
358.7
390.3
395.2
371.3
322.8
246.1
152.8
62.8
3.9
0
0
0
0
0
0
0
0
0
0
1.2
33
103.1
238.8
305.7
358.1
410.3
386.5
368.4
262.8
281.6
125.3
41.9
8.1
0
0
0
0
0
0
0
0
0
0
1.7
27.9
122.5
225.8
308.5
171.7
189.6
203.1
232.6
271.7
86.4
60.2
10.5
-0.2
0
0
0
0
0
0
0
0
0
0
-0.1
-0.2
15.1
29.4
51.7
56.3
49.4
74.2
57.5
16.7
283.9
46.4
23.6
-0.5
0
0
0
0
0
0
0
0
0
0
-0.1
2.8
74.9
101.2
103.4
130
104.5
190.8
233.9
128.8
68.4
59.2
34.3
3.9
0
0
0
0
145.9
145.9
145.9
145.9
145.9
145.9
145.9
145.9
145.9
145.9
285.9
346.8
366.8
373.1
330.4
321.1
206.7
164.2
64.3
0.2
0
0
0
0
0
0
0
0
0
0
1.7
33.3
116.2
210
283.5
340.4
374.4
369.1
341.7
284.1
240.7
163
73.1
4.5
0
0
0
0
0
0
0
0
0
0
1.7
33.1
119.4
219.5
287.2
344.9
376.2
385.1
370.7
313.2
242.5
156.5
61.5
4.3
0
0
0
0
0
0
0
0
0
0
6.2
63
78.7
199.2
275
352.1
143
326.9
361.6
251
151.8
73.9
33.5
0.1
0
0
0
0
0
0
0
0
0
0
0
0.8
4.7
15.8
15.8
5.9
16.8
23.1
24.2
25.4
-0.8
5.6
1.6
-0.1
0
0
0
0
0
0
0
0
0
0
0.1
0.2
73.5
63.6
211.7
251.8
283.4
338.8
320.9
208.3
163.7
97.1
72.3
6.2
0
0
0
0
0
0
0
0
0
0
0.1
1.8
61.7
62.6
209
309.5
329.9
365.3
358.1
275.1
215.2
150.5
67.8
4
0
0
0
0
0
0
0
0
0
0
2.3
6.7
39.8
60.8
149.3
246.1
197.5
303.8
324.9
145.3
24.3
4.7
-1.2
-0.1
0
0
0
0
0
0
0
0
0
0
-0.1
44.1
5
10.2
57.5
109.5
456.9
22.2
288.6
105.6
26.7
30
33.5
20.8
0
0
0
0
0
0
0
0
0
0
5.5
44.6
123.7
224.6
275.9
239.1
376.6
201.7
376.6
346.1
272.8
176.4
77.1
7.4
0
0
0
0
0
0
0
0
0
0
5.4
40.7
122.9
214.7
293.5
324.9
339.4
177.2
237.9
178.2
228.1
136
61.9
-5.55111512312578e-17
0
0
0
0
0
0
0
0
0
0
3.9
29.2
104.8
201.8
241
290.1
338.6
235.3
323.8
285.5
221.5
141.5
48.2
5.5
0
0
0
0
0
0
0
0
0
0
4
38.4
109.6
177.7
217.6
318.1
300.4
346.2
274.8
241.4
165.3
126.4
61.1
-0.4
0
0
0
0
0
0
0
0
0
0
5.7
43.4
54.5
107.8
66.8
63.7
10.5
22.1
27.2
72.4
14.2
45.7
41.1
4.5
0
0
0
0
0
0
0
0
0
0
4.6
30.9
61.2
94.2
105.3
238
200.6
242.4
297.6
221.5
181.4
191.4
49.5
0.7
0
0
0
0
0
0
0
0
0
0
0.4
27.7
34.1
56.4
105.6
225.5
357.8
373.6
260
334.7
262.3
211.8
69.2
7.4
0
0
0
0
0
0
0
0
0
0
1.1
56.1
123.5
215.2
211.2
319.4
338.7
362.6
384.8
310.7
251.2
85.3
82.8
7
0
0
0
0
0
0
0
0
0
0
9.9
37.3
82.6
197.6
269.1
332.3
362.2
275
380.9
340
265
171.9
75.6
10.5
-0.2
0
0
0
0
0
0
0
0
0
6.2
41.8
121.9
220.6
276.3
302.7
354.6
321.8
332
260.7
179.1
124
40.2
6.5
0
0
0
0
0
0
0
0
0
0
3.3
38.1
81.2
126.5
194.6
263.1
227.3
154.4
172.5
203.4
274.6
89.5
34
0.1
-0.2
0
0
0
0
0
0
0
0
0
0.8
14.3
66.3
127.8
244.4
282
229.2
112.4
101.9
103.3
92
64.2
54.1
1.1
0
0
0
0
0
0
0
0
0
0
-0.1
58.5
106.8
113.2
193.9
354.3
380.2
383.7
370.2
332.1
271.1
175.6
81.9
10.5
-0.2
0
0
0
0
0
0
0
0
0
0.8
36.7
133.8
218.1
283
246.4
305.9
353.7
229.5
266.4
92.4
118
61.5
7.4
0
0
0
0
0
0
0
0
0
0
0
26
34
75.1
147.1
143.5
131.3
235.9
167
145.3
94.4
119.5
56.7
26.4
-0.2
0
0
0
0
0
0
0
0
0
0.8
24.4
74.8
132.2
282.3
328.9
355.5
337.8
336.7
302.6
237
154.3
63.9
11.6
-0.2
0
0
0
0
0
0
0
0
0
6.3
48.6
74.8
192.1
269.5
310.5
287.4
345.3
333.2
304.9
133.3
145
42.1
5.2
0
0
0
0
0
0
0
0
0
0
3.2
40.4
90.8
141.5
225.8
300.6
331.1
213
267.5
201.2
163.7
125.1
41
4.2
0
0
0
0
0
0
0
0
0
0
4
45.5
86.9
133.2
210.4
242.8
200.6
152.2
369.3
286.5
234.6
158.4
64
12.2
-0.2
0
0
0
0
0
0
0
0
0
6
41
110.2
193.5
270.1
320.4
340.8
247.4
319.9
294.8
240.8
155
69
10.3
-0.2
0
0
0
0
0
0
0
0
0
5.6
37.4
111.2
203
271.8
317.5
349.7
364.5
259.4
219.6
128.4
96.3
38.2
-0.6
-0.2
0
0
0
0
0
0
0
0
0
4.1
36.4
95.2
205.4
290.5
305.7
275.5
192.1
276.7
61
57.1
8.7
3.8
-0.9
0
0
0
0
0
0
0
0
0
0
-0.2
4.6
57.3
92.3
74.4
155.6
79.9
126.1
169.7
132.5
198.1
94.9
82.1
14.5
-0.2
0
0
0
0
0
0
0
0
0
3.6
25.2
72.6
190.9
60.5
202.6
229.7
327.2
273.8
200.6
73.9
31.9
12.2
-0.2
0
0
0
0
0
0
0
0
0
0
0.6
21.9
40.6
121.6
68.9
90.7
138.6
77.5
71.1
5.2
51.6
48.4
-0.1
-0.4
0
0
0
0
0
0
0
0
0
0
-0.2
-1.3
-2
12.3
56.8
95.6
36.6
16.3
137.8
258.8
270.4
66.9
59
12.5
0
0
0
0
0
0
0
0
0
0
14.3
50.8
118.4
234.9
272.9
292.8
323.5
387.2
354.7
312.7
166.7
207.4
85
9
-0.2
0
0
0
0
0
0
0
0
0
5.9
37.9
88.5
172.9
225.8
324.3
370.9
351.7
369.1
238.7
273.1
180.9
91.6
6
-0.2
0
0
0
0
0
0
0
0
0
0.9
46.5
117.9
152.5
86.3
261.9
193.8
296.3
97.4
125.3
81.7
44.5
15.4
5.55111512312578e-17
0
0
0
0
0
0
0
0
0
0
-0.1
2.2
10.6
3.7
63.2
47.2
43.3
41
74.3
30.6
50.6
23.1
9.5
1.6
0
0
0
0
0
0
0
0
0
0
-0.2
38.8
62.8
136.4
164
290.8
349.4
364.5
346.8
229.6
148.9
91.2
72.8
11.8
-0.2
0
0
0
0
0
0
0
0
0
1.4
12.3
27.5
195.9
123.3
144
136.3
163.7
268
248
224.8
149.4
78.9
10
-0.4
0
0
0
0
0
0
0
0
0
3.1
39.9
112.6
206.1
271.8
322.1
398
390.5
359.3
278.4
246.7
70.4
26.7
8.9
-0.2
0
0
0
0
0
0
0
0
0
4.3
31.8
110.5
193.5
265.8
320.4
335.2
348.2
334.8
211.9
116.4
82.2
85.9
17
-0.4
0
0
0
0
0
0
0
0
0
4.5
61.2
113.8
239.3
293.6
339.6
406.4
398.3
363.1
302.1
107.5
66.8
30.5
15.5
-0.2
0
0
0
0
0
0
0
0
0
-0.1
21.1
12.4
27.8
90.2
144.7
14.4
102.8
71.1
54
45.3
30.2
5.7
-0.3
0
0
0
0
0
0
0
0
0
0
0.1
11
38.9
26.1
49.5
46.4
28.7
72.9
109
29.8
69.6
7.2
27.4
-0.7
-0.2
0
0
0
0
0
0
0
0
0
-0.2
3.8
30.5
99
185
191.4
361.1
208.7
377.8
309.4
252.5
102.3
92
9.6
-0.3
0
0
0
0
0
0
0
0
0
1.8
42.6
57.3
102.3
124.9
130.5
172.5
381.7
267.1
328.1
232.3
103.2
58.7
10.8
-0.3
0
0
0
0
0
0
0
0
0
4.6
38.2
105.8
195.2
280.9
218.9
378.7
391.5
356.2
323.5
259.6
175.4
88.2
17.8
-0.4
0
0
0
0
0
0
0
0
0
0.9
23.3
45.2
55.9
100.5
41.4
64.9
31.7
25.8
15.4
39.9
32.6
-0.6
-0.8
0
0
0
0
0
0
0
0
0
0
0.1
3.3
33.4
52.8
69
286.8
166.3
140
206.9
119.6
90.6
35
33.1
-1.7
0
0
0
0
0
0
0
0
0
0
0.5
19.3
100.3
119.9
295.7
330
383.2
410.5
310.1
147.7
197
44
27.6
9.1
-0.2
0
0
0
0
0
0
0
0
0
8.8
63
106.4
106.7
133
150.9
151.1
213.5
141.1
192.1
193
85.7
13.6
4.3
-0.2
0
0
0
0
0
0
0
0
0
0
6.2
10.5
42.8
81.2
85.4
111.5
72.6
50.4
38.7
9.5
0.8
-0.3
-0.2
-0.2
0
0
0
0
0
0
0
0
0
0.7
23.9
39.5
68.6
88.3
94.4
37.3
54.7
80.4
45.8
19
14.6
-0.1
-0.2
0
0
0
0
0
0
0
0
0
0
7.1
26.4
35.2
75.1
98.4
104.2
147.2
312.5
84
212.9
93.8
68.3
59.5
22.4
-0.3
0
0
0
0
0
0
0
0
0
0.7
9.9
57.1
91.3
42.4
52.8
140.1
120.4
56.6
13.8
63.3
62.4
5.9
0.4
0
0
0
0
0
0
0
0
0
0
0
46.9
101.9
102.6
137.7
218.4
212.5
324.7
139.2
276.3
226.2
150.4
71
14.6
-0.4
0
0
0
0
0
0
0
0
0
2
35.9
102
183.6
211
236.4
201.8
382.6
391.6
317
100.9
106.4
52.2
13.6
-0.1
0
0
0
0
0
0
0
0
0
0.9
38.5
91.4
169.3
240.5
143.2
55.5
297.4
212.7
120.5
84.2
49.8
6.9
-0.6
0
0
0
0
0
0
0
0
0
0
0
4
42.3
119.4
224
211.5
181.8
112
203.1
344
244.3
28.1
45.9
-1
-0.2
0
0
0
0
0
0
0
0
0
-0.1
22.1
44.6
82.3
182.7
230.8
297.8
241.6
160
175.2
117.9
152.3
52.6
7.9
-0.2
0
0
0
0
0
0
0
0
0
5.55111512312578e-17
4.2
49
28.2
33.6
15.1
45.3
130.1
21.3
20.3
3.7
5.3
-0.4
-0.1
0
0
0
0
0
0
0
0
0
0
0
-0.2
0.4
7.2
7.5
11.9
33.7
307.5
65.2
197
64.9
50.4
0.5
5.55111512312578e-17
0
0
0
0
0
0
0
0
0
0
0.1
17.5
20.5
69.5
94
58.4
13.6
73.6
25.9
5
1.3
17
5.2
0
0
0
0
0
0
0
0
0
0
0
-0.1
8
27.2
66.9
103.1
27.2
106.7
116.6
101.3
90.1
51
9.2
3.8
0.1
-0.2
0
0
0
0
0
0
0
0
0
0.8
26.7
73.3
131.8
173.8
131.1
294.3
201.9
317.2
332
270.9
198.2
92.8
8.1
-0.2
0
0
0
0
0
0
0
0
0
-0.4
16.6
99.2
114.5
144.6
134.8
210.6
367.6
342.8
215.6
209.6
151.1
76.8
16.5
-0.2
0
0
0
0
0
0
0
0
0
-0.3
17.6
62.4
68.3
116.3
99.7
140.4
272.1
200.2
316.7
357.7
182.8
57.2
3.8
-0.2
0
0
0
0
0
0
0
0
0
-0.1
-5.55111512312578e-17
4.5
36.8
73.6
93.4
145.6
194.5
79.4
67.3
23.8
83.2
7.6
6.1
-0.2
0
0
0
0
0
0
0
0
0
0
-0.2
19.9
37
74.5
25.3
389
213.4
63.3
163.4
248.4
81.9
45.9
4.5
-0.2
0
0
0
0
0
0
0
0
0
0.5
14.8
47.9
178.5
283.9
292.4
384.3
138.8
83.2
164
292
90.3
11.4
-0.6
0
0
0
0
0
0
0
0
0
0
-0.1
1.1
22.5
36.3
107.2
21.4
37.2
49.5
66.5
33.1
80.1
35.8
38
-0.1
-0.2
0
0
0
0
0
0
0
0
0
0
0.6
5.3
13.4
10.8
28.5
37.5
34.2
14.5
39.7
17.7
1.9
-0.6
-0.8
-0.7
0
0
0
0
0
0
0
0
0
-0.2
1.7
9.7
9.4
37.4
99.8
55.8
82
119.4
83.3
98.2
81.5
5.1
4.1
0
0
0
0
0
0
0
0
0
0
-0.2
13.3
30.5
51.2
126.6
154.3
80.5
56.7
73
125.3
63.3
85
28.3
-0.6
0
0
0
0
0
0
0
0
0
0
0
6.9
38.3
78.7
182.2
392.2
182.9
279.2
210.7
54.2
19.1
39.5
23.4
5.3
0
0
0
0
0
0
0
0
0
0
0
31.5
68.1
81.4
99.2
240.9
144.8
190.7
90.3
73.8
20.3
33.5
16.7
-1.3
0
0
0
0
0
0
0
0
0
0
-0.1
0.2
39.8
115.4
78.6
78.2
185.2
129.8
17.4
15.5
132.3
50.5
4.7
-0.1
0
0
0
0
0
0
0
0
0
0
0
-0.5
1.4
-1.8
-0.6
7.9
46.7
13.3
59.3
81.4
79.1
47.1
15.6
5.5
-1.5
0
0
0
0
0
0
0
0
0
0
-0.7
19.1
46.3
226.4
258.6
46.7
243.9
351.9
307.7
87.3
116.5
47.8
6
-0.2
0
0
0
0
0
0
0
0
0
-0.1
30
29.6
40.6
234.9
237.2
168.9
183.1
200.5
145.2
128.8
76.8
23
4.1
0
0
0
0
0
0
0
0
0
0
-0.2
35.8
70.9
188.7
271
181
237.6
203.9
66.5
35.6
31.5
55.5
33.7
5.3
-0.2
0
0
0
0
0
0
0
0
0
0
29.7
63.7
129.7
314.2
131.8
367.9
101.6
235
130.7
166.9
70.8
37
2.8
0
0
0
0
0
0
0
0
0
0
-0.2
11.7
28.2
59
94.1
278.5
297
385.9
256.3
164.3
82
51.8
17.9
2.5
0
0
0
0
0
0
0
0
0
0
0
50.4
91.4
116.5
150.2
200.8
282.1
367.9
220.5
140.6
94.7
74.6
22.2
12.4
-0.2
0
0
0
0
0
0
0
0
0
-0.1
16.9
48.9
106.4
1
102.6
107.8
279.1
165.3
208
289.7
209.4
22
14.2
0
0
0
0
0
0
0
0
0
0
0
2.8
1
0.3
1.11022302462516e-16
94.2
68.3
18
35
7.2
36
6.1
-0.6
-1.6
0
0
0
0
0
0
0
0
0
0
-0.2
2.5
13.6
7.8
19.2
2.7
6
-1.3
-0.7
1.3
4.5
-1.2
-0.2
-0.8
0
0
0
0
0
0
0
0
0
0
0
0
-0.7
2
-1.6
0
-2.1
23.6
14.1
53.5
21.4
47.3
13.9
0.5
0
0
0
0
0
0
0
0
0
0
0
0.7
35.7
137
115.5
269.5
334.4
294.3
351.5
88.6
256.6
43.8
37.6
0.1
0
0
0
0
0
0
0
0
0
0
0
16.6
62.3
98.1
88
37.8
15.4
6.8
3.6
-0.6
13.1
14.7
8.3
-1.6
0
0
0
0
0
0
0
0
0
0
-0.1
-0.6
66.5
51.9
41.7
98
211.1
118.3
90.7
87.7
21.6
74.6
3.6
3.4
-0.3
-0.2
-0.3
-0.3
-0.2
-0.2
-0.2
-0.2
-0.2
0
-0.2
-1
12.4
56.4
148.1
251.6
164.6
194.9
82.9
42
109.4
67.9
29.4
18.6
-0.2
-0.3
-0.2
-0.3
-0.3
-0.2
-0.2
-0.2
-0.2
-0.2
-0.1
0.3
29
90.8
241.9
299.8
246.8
117
280.3
303.9
213.9
149.8
78.3
3.2
-0.2
-0.2
-0.3
-0.3
-0.2
-0.2
-0.2
-0.2
-0.2
-0.2
0
15.4
65.8
95.2
148
201.5
191.5
143.7
364
310.2
166.3
119.3
57.7
-0.7
-0.3
-0.3
-0.2
-0.2
-0.2
-0.2
-0.2
-0.2
-0.2
-0.2
0
15.5
57.6
166.6
263.7
282.4
245.9
348.3
337
299.6
228.6
152.6
59.3
-0.2
0
0
0
0
0
0
0
0
0
0
0
20.8
47
131
148
248.3
269.1
93.4
109.5
76.5
55.6
170.9
63.2
1.8
-0.2
-0.2
-0.3
-0.2
-0.2
-0.2
-0.2
0
-0.2
-0.2
-0.2
29.2
46.7
197.2
238.7
309.6
339.4
354.1
334.9
296.7
242.3
153.9
54.6
0.7
0
0
0
0
0
0
0
0
0
0
0
4.7
67.2
133.7
168.4
290.4
333.7
331.7
328.4
308.4
243.2
154.6
56.6
-0.1
0
0
0
0
0
0
0
0
0
0
0
14
77.3
179.5
242.8
298.8
330.4
330.9
326.5
293.7
220
150.9
54
-0.1
-0.3
-0.2
-0.2
-0.2
189.2
189.2
189.2
189.2
189.2
189.2
189.2
189.2
189.2
189.2
189.2
189.2
189.2
189.2
189.2
189.2
189.2
147
54.9
-0.3
-0.3
-0.3
-0.2
-0.2
-0.2
-0.2
-0.2
-0.2
-0.2
-0.2
-0.2
7
26.7
90.9
156.5
148.7
219.5
237.4
289.6
271.1
211
135.7
48.2
-0.8
-0.2
-0.3
-0.2
-0.2
-0.2
-0.2
-0.2
-0.2
-0.2
-0.2
0.1
6.1
54
62.8
144.2
78.5
141.5
178.8
157.1
124.2
159.5
101.6
10.2
-0.8
-0.2
0
-0.2
-0.2
-0.2
-0.2
-0.2
-0.2
-0.2
0
-0.2
23.6
56.5
73.2
217.2
246.3
272.4
174.4
136.3
147.7
124.2
112.2
45.4
-0.9
-0.2
-0.3
-0.2
-0.2
-0.2
-0.2
-0.2
-0.2
-0.2
-0.2
-0.2
19.4
63
148.8
224.1
275.1
161.6
137
293.8
258.8
189.8
76.4
34.9
-0.7
-0.3
-0.3
-0.2
-0.2
-0.2
-0.2
-0.2
-0.2
-0.2
-0.2
-0.2
10.7
70.3
149.6
225.7
105.5
290.4
72.9
166.6
242.3
214.3
136.8
46.8
-0.9
-0.2
-0.2
-0.2
-0.2
-0.2
-0.2
-0.2
-0.2
0
46.4
77.8
112.9
105.8
4.6
139.8
64.2
31.1
10.3
9.4
-0.3
-0.2
-0.2
-0.2
-0.2
-0.2
-0.2
-0.2
-0.2
0
-0.2
13.3
88.7
51.4
165.7
90.6
147.8
323.6
190.9
96.8
138.7
41
8
-1.4
-0.3
-0.2
-0.2
-0.2
-0.2
-0.2
-0.2
-0.2
-0.2
-0.2
-0.2
18.3
41.5
28.7
114.2
165.9
215.7
187.5
102.9
256.1
65.3
126
5.8
-0.8
-0.2
-0.2
-0.2
-0.2
-0.2
-0.2
-0.2
-0.2
-0.2
-0.2
-0.2
2.6
22.8
32.7
60.3
126.1
384.2
345.6
16.9
35.7
42.7
27.7
11.1
-1.5
-0.2
-0.2
-0.2
-0.2
-0.2
-0.2
-0.2
-0.2
-0.2
-0.2
-0.2
15.7
52.2
117.6
222.7
274.9
253
283.5
286.7
149.6
180
19.4
46.9
-0.8
-0.2
-0.2
-0.2
-0.2
-0.2
-0.2
-0.2
-0.2
-0.2
-0.2
0
13.7
62.4
148.2
200
181.9
209.2
114.4
241.2
173.8
28
-0.1
-0.9
-0.1
0
0
0
0
0
0
0
0
0
0
0
8.5
68
158.2
219.9
283.8
243.1
270
136.7
29
50.3
20
18.5
-0.4
-0.3
-0.2
-0.2
-0.3
-0.2
-0.2
-0.2
-0.2
-0.2
-0.2
-0.2
0
1.3
17.8
66.5
116.4
151.3
57.8
34.4
14.8
9.2
-1
-0.3
-0.3
-0.2
-0.2
-0.2
-0.2
-0.2
-0.2
-0.2
-0.2
-0.2
-0.2
-0.2
-0.3
18.2
127.6
54.8
87.7
223.2
100.2
313
54.5
70.3
126.2
20
-0.5
0
0
0
0
0
0
0
0
0
0
0
19.4
66
147.3
216.2
291.2
312.7
131.7
90.8
104.6
33.6
51.5
29.9
-1
0
0
0
0
0
0
0
0
0
0
0
4.8
24.4
63.9
83
30.6
115.9
91.5
52.7
37.2
38.5
11.1
0.6
-0.1
0
0
0
0
0
0
0
0
0
0
0
7.4
19.6
38.4
58
75.7
85.6
82.5
47.7
33.1
17.2
7.6
-0.1
0
0
0
0
0
0
0
0
0
0
0
0
0.1
10.8
15.1
45.4
82.9
43.9
146.2
14.8
21.4
43
41
19.9
-0.4
0
0
0
0
0
0
0
0
0
0
0
8
57.7
101.1
148.3
255.4
131.3
116.5
294.1
124.1
65.9
64.9
20.7
-0.5
0
0
0
0
0
0
0
0
0
0
0
0.5
38.4
7
4
36.7
136.1
203.7
286.7
255.4
125.4
112.6
4.4
-0.2
0
0
0
0
0
0
0
0
0
0
0
18.5
29.4
46.1
159.3
127.3
92.3
248
148.1
210.3
174
31.9
12.9
0
0
0
0
0
0
0
0
0
0
0
0
-2.77555756156289e-17
16.9
26.4
48.5
27.9
34.3
14.8
14.5
5
0.4
8.2
-0.3
-0.2
0
0
0
0
0
0
0
0
0
0
0
4.2
40.5
88.8
111.5
136.6
141.6
143.4
47.8
34.2
48.8
63.2
2.3
0
0
0
0
0
0
0
0
0
0
0
0
0.8
3.9
16.9
40.8
32.6
69.8
89.9
111.8
270.9
72.5
36.8
10.7
-0.2
0
0
0
0
0
0
0
0
0
0
0
4.7
54
103.1
209.5
290.4
321.6
303.1
269.3
235.4
148.8
126.7
7.2
-0.3
0
0
0
0
0
0
0
0
0
0
0
10.3
68.4
143.9
229
280.7
172.2
313.2
149.4
69.9
74
0.9
-0.0999999999999999
0
0
0
0
0
0
0
0
0
0
0
0
1.8
15.7
34.2
35.7
71.9
41.8
69.4
29.3
21.5
37
31.7
-0.1
0
0
0
0
0
0
0
0
0
0
0
0
0.1
23.3
21.5
91.1
104.2
52.6
92
84.7
42.3
37.4
9.6
-0.6
0
0
0
0
0
0
0
0
0
0
0
0
6
43.3
54.1
64.6
63.6
151.6
105.1
317.8
136.3
94.9
66.1
29.8
-0.2
0
0
0
0
0
0
0
0
0
0
0
9
46.4
131.8
165.9
247.9
316.5
140.7
215.1
141.9
207.5
98.8
1.2
0
0
0
0
0
0
0
0
0
0
0
0
3.3
31.9
67
217.3
282.6
304.3
352.4
195.3
256.1
185.9
99.3
14.9
0
0
0
0
0
0
0
0
0
0
0
0
11.2
66.6
158.4
119
246.8
171.2
219.8
300.4
260.4
197.1
107.8
17.3
0
0
0
0
0
0
0
0
0
0
0
0
5.3
17.5
42.4
106.9
86.5
104.9
326.2
307
259.6
194.4
104.6
9.5
0
0
0
0
0
0
0
0
0
0
0
0
2.4
41.5
70.5
75
105.9
145.1
166.5
114
67.3
51.4
23.1
0.8
0
0
0
0
0
0
0
0
0
0
0
0
1.6
32.9
71.2
124.9
311.8
314.2
318.8
300.3
210.8
30.2
43.3
14.6
0
0
0
0
0
0
0
0
0
0
0
0
5.1
59.7
150.3
231.3
277.6
314.8
330.4
174.7
76.3
79.2
83.8
7.3
0
0
0
0
0
0
0
0
0
0
0
0
3.6
57.3
160.4
195.9
285.2
309.2
217.7
292.5
252.2
180.7
90
6.9
0
0
0
0
0
0
0
0
0
0
0
0
4.7
59.2
151.2
234.7
285.2
310.1
320.2
298.6
261
155.9
98.2
18.7
0
0
0
0
0
0
0
0
0
0
0
0
4.6
51.4
120.3
218.7
223
319.5
324.5
309.8
263.1
198
90.9
4.3
0
0
0
0
0
0
0
0
0
0
0
0
8
78.4
150.3
207.5
261.7
321.2
190.9
226.4
87.5
127.2
27.6
2.3
0
0
0
0
0
0
0
0
0
0
0
0
1.8
44.5
136.4
195.9
264.4
157.1
204.1
296.8
226.7
40
65.3
1.4
0
0
0
0
0
0
0
0
0
0
0
0
4.7
31.6
109.6
140.9
255.4
242.7
293.1
273.7
208.3
179.8
23.4
-0.5
0
0
0
0
0
0
0
0
0
0
0
0
4
56.3
114.2
234.9
256.9
293.9
320.4
277
174.7
156.1
31.8
-0.1
0
0
0
0
0
0
0
0
0
0
0
0
-0.1
56.9
89.1
143.9
150.1
70.5
204
278.2
136.5
74.7
14.1
-0.4
0
0
0
0
0
0
0
0
0
0
0
0
-0.2
11.3
38.1
29.6
17
61.6
24.8
22.5
15.9
14.5
14.9
-0.2
0
0
0
0
0
0
0
0
0
0
0
0
2.2
55.7
152.7
238.9
298.2
323.1
349.9
334.7
257.6
203.4
28
0.3
0
0
0
0
0
0
0
0
0
0
0
0
3.2
59.8
149.3
236.5
293.5
326.1
327.5
307.5
250.3
181.8
76.7
0
0
0
0
0
0
0
0
0
0
0
0
0
4.6
33.5
144
243.2
235.6
337
319
179.7
151.2
219.7
70.1
-0.4
0
0
0
0
0
0
0
0
0
0
0
0
2
51.9
143.6
229.6
287.6
314.1
315.6
291.4
242.3
171.4
69.9
0.2
0
0
0
0
0
0
0
0
0
0
0
0
2.3
55.2
148.8
183
161
187.1
323.9
290.1
236.8
164.5
63.9
0.1
0
0
0
0
0
0
0
0
0
0
0
0
3.1
61.6
150.7
218.9
278.7
305.5
306.2
284.5
231
126.6
49.2
-0.6
0
0
0
0
0
0
0
0
0
0
0
0
1
26.7
130.2
202.9
316.3
127.3
313.9
57.2
95.7
75.2
28.5
-0.1
0
0
0
0
0
0
0
0
0
0
0
0
1.4
27.8
38.1
199
123.2
231.3
302.9
281.5
101.3
143.4
41.7
-0.8
0
0
0
0
0
0
0
0
0
0
0
0
-0.2
34.6
130.2
238.5
295.6
139.5
130.8
90.7
113.3
68.2
24
-0.7
0
0
0
0
0
0
0
0
0
0
0
0
1.2
6.3
39.5
92.1
38.8
85.9
90.9
137.9
188
41.8
2.2
-1
0
0
0
0
0
0
0
0
0
0
0
0
-0.3
42.2
106.6
177.8
328.1
242.3
315.9
311.4
244.5
168.1
18.3
-0.7
0
0
0
0
0
0
0
0
0
0
0
0
0
17.4
51.8
78.3
84
52.9
69.9
74
74.6
12.5
0.6
-0.2
0
0
0
0
0
0
0
0
0
0
0
0
1.5
47.9
125.4
195.7
261
284.4
236.1
279.7
217.1
104
42.9
-0.2
0
0
0
0
0
0
0
0
0
0
0
0
1
47.9
128.3
207.4
274.4
293.6
152
278.7
197.3
130.4
53
-0.2
0
0
0
0
0
0
0
0
0
0
0
0
-0.3
30.3
125.3
211.7
257.9
255.7
290.1
248.5
93.5
104.3
32.2
-0.3
0
0
0
0
0
0
0
0
0
0
0
0
0.6
44.8
127.4
204.6
272.7
297.7
301.6
279.2
225
150.7
43.2
-0.4
0
0
0
0
0
0
0
0
0
0
0
0
-0.1
26.9
43
54.6
75.7
57.1
45.3
23.3
37.3
5.1
-0.3
-0.2
0
0
0
0
0
0
0
0
0
0
0
0
-0.2
8.6
20.6
36.5
74.4
135.5
70.8
94.6
226.7
123.5
20.5
-0.4
0
0
0
0
0
0
0
0
0
0
0
0
0.1
36.3
41.4
168.3
300.2
328
329.3
312.3
241.3
161.7
23.2
-0.1
0
0
0
0
0
0
0
0
0
0
0
0
-0.2
50.7
129
227.4
286.2
315.9
320.4
298.6
240.4
158.1
41.4
-0.3
0
0
0
0
0
0
0
0
0
0
0
0
0
40.4
131.3
214.3
268.5
308.7
335.7
286.7
73
135.5
41.8
-0.3
0
0
0
0
0
0
0
0
0
0
0
0
-0.4
41.2
130.8
221.8
282
287.6
294.8
270.5
158.9
66.5
23.4
-0.3
0
0
0
0
0
0
0
0
0
0
0
0
0.1
28.8
85.5
211.7
248.7
288.8
228.7
254.6
187.9
120.1
17.1
-0.1
0
0
0
0
0
0
0
0
0
0
0
0
-0.1
6
55.1
207.3
218.7
134.1
289.9
247
202.1
126.7
37.4
-0.4
0
0
0
0
0
0
0
0
0
0
0
0
-0.5
40.1
135.3
220.1
288.1
313.6
309
254.1
218.3
124.4
28.4
-0.5
0
0
0
0
0
0
0
0
0
0
0
0
-0.1
34.8
122
209.4
261.5
286.2
290.2
271.7
207.5
118
21.7
-0.2
0
0
0
0
0
0
0
0
0
0
0
0
0
38
115.7
202.6
256.3
298.1
274.8
236.5
82.5
104.9
21.8
0
0
0
0
0
0
0
0
0
0
0
0
0
0
1.1
19.6
6.3
9.9
18.7
28.1
21.6
13.9
34.7
1.5
0
0
0
0
0
0
0
0
0
0
0
0
0
0
15
37.6
95.6
160.1
158.2
274.4
265
195.6
58.2
9.2
-0.3
0
0
0
0
0
0
0
0
0
0
0
0
0.2
35.6
115.5
216.5
292.2
279.2
357.4
59.4
40.5
47.9
13.4
-0.2
0
0
0
0
0
0
0
0
0
0
0
0
-0.1
32.4
122.7
220.5
268.6
305.9
314.1
287.5
225.9
127.9
25.3
-0.2
0
0
0
0
0
0
0
0
0
0
0
0
-0.2
21.2
121.8
209.4
158.6
306
287.5
222.3
94.3
21.4
1.4
0
0
0
0
0
0
0
0
0
0
0
0
0
0
2.3
7.3
27
22.1
36.1
21.8
41.5
20.9
10.4
-0.7
0
0
0
0
0
0
329.8
329.8
329.8
329.8
329.8
329.8
329.8
329.8
329.8
329.8
329.8
329.8
330.6
328.6
292.9
215.4
107.4
16.4
0
0
0
0
0
0
0
0
0
0
0
0
0
-0.2
26.8
112.3
217.7
288.1
329.8
328.6
291.4
218.3
107.3
15.2
0
0
0
0
0
0
0
0
0
0
0
0
0
-0.1
27.4
100
210.8
278.4
305.5
303.3
271.4
200
99.4
13.3
0
0
0
0
0
0
0
0
0
0
0
0
0
-0.2
25.4
101.8
208.6
280.4
305
303.5
273.9
200.7
98.3
13.8
0
0
0
0
0
0
0
0
0
0
0
0
0
0.1
25
99.7
195.7
259.3
285.7
276.6
245.4
170.5
76.1
7
0
0
0
0
0
0
0
0
0
0
0
0
0
0.1
23.2
91.3
186.4
258.5
285
281.6
240.6
147.4
31.5
31.2
0
0
0
0
0
0
0
0
0
0
0
0
0
0
11.6
90.9
170.1
225.3
308.6
285.2
253.4
189.4
85
4.8
0
0
0
0
0
0
0
0
0
0
0
0
0
0
10.6
90.4
193.3
270.1
292.1
297.8
266.1
75.9
55.6
10.2
0
0
0
0
0
0
0
0
0
0
0
0
0
0
2.7
26.6
10.8
139.2
132.6
111.1
86.9
110.8
35
-0.1
0
0
0
0
0
0
0
0
0
0
0
0
0
0
11.9
38.7
87.1
168.2
124.1
56
46.6
13.7
42.3
-0.7
0
0
0
0
0
0
0
0
0
0
0
0
0
0
5.55111512312578e-17
0.7
-0.2
2.2
23.2
5.5
5.9
3.8
0.3
-0.8
0
0
0
0
0
0
0
0
0
0
0
0
0
0
1.1
19.6
11.6
33.5
23.2
31
17.9
7.3
5.4
-1.2
0
0
0
0
0
0
0
0
0
0
0
0
0
0
19.9
93
203.3
278.6
309.4
298
261.4
146.3
65.9
2.8
0
0
0
0
0
0
0
0
0
0
0
0
0
0
1.5
43.3
28
6.5
43.5
57.1
11
4.7
7.9
-0.1
0
0
0
0
0
0
0
0
0
0
0
0
0
0
0.1
8.5
34.1
61
255.3
307.5
276.6
108.6
105.1
4.7
0
0
0
0
0
0
0
0
0
0
0
0
0
0
3
83.3
94.7
119.4
308.8
306.7
285.9
213.9
94.5
8.7
0
0
0
0
0
0
0
0
0
0
0
0
0
0
14.3
77.9
185.4
263.8
298
314.3
270.1
197.2
83.9
-0.5
0
0
0
0
0
0
0
0
0
0
0
0
0
0
4
25.4
96.1
230.1
267.7
125.1
253.4
180.6
99.5
5.5
0
0
0
0
0
0
0
0
0
0
0
0
0
0
10.6
54.6
108.5
24.1
116.3
5.4
119.9
10.8
15.9
-1.6
0
0
0
0
0
0
0
0
0
0
0
0
0
0
0.7
69.2
184.2
303.3
302
231.2
252.1
133.5
41.3
-0.6
0
0
0
0
0
0
0
0
0
0
0
0
0
0
6.3
63.9
85.3
55.6
60.5
74.7
269.7
28.5
38.6
-0.3
0
0
0
0
0
0
0
0
0
0
0
0
0
0
15.1
70.8
165.6
249.4
267.2
236.2
244.9
204.2
87.4
0.8
0
0
0
0
0
0
0
0
0
0
0
0
0
0
11.3
72.2
167.8
242.9
273.9
265
245.2
194.9
15.9
3.2
0
0
0
0
0
0
0
0
0
0
0
0
0
0
6.8
42.5
69.5
110.4
274.7
275.9
252.6
189.5
83.4
6.4
0
0
0
0
0
0
0
0
0
0
0
0
0
0
9
75.1
155.8
243.8
259.5
270.6
251.2
164.9
83.9
2.7
0
0
0
0
0
0
0
0
0
0
0
0
0
0
22.3
115.3
141.7
239.7
179.1
257.8
205.6
182.7
71.8
4.6
0
0
0
0
0
0
0
0
0
0
0
0
0
0
8.6
68.7
156.7
231.1
256.3
274.4
243
179.8
66
7.5
-0.2
0
0
0
0
0
0
0
0
0
0
0
0
0
8.5
67.7
164.7
245.9
280.1
278.9
253
191.6
78.6
6.1
0
0
0
0
0
0
0
0
0
0
0
0
0
0
-0.2
12.2
27.6
69.5
175.6
130.5
79.7
0.9
17
-0.5
-0.3
-0.4
-0.2
-0.3
-0.3
-0.3
-0.2
-0.3
-0.2
-0.2
-0.2
-0.3
-0.3
-0.2
4.7
62.8
146.1
160.1
124.3
317.1
279.7
65.1
33
0.5
0
0
0
0
0
0
0
0
0
0
0
0
0
0
6.1
65.9
162.6
251.2
287.1
288.1
254.5
197.1
79.7
4.9
0
0
0
0
0
0
0
0
0
0
0
0
0
0
0.1
4.4
24.9
39.2
97.9
103
111.8
108.8
28.1
3.2
0
0
0
0
0
0
0
0
0
0
0
0
0
0
5
33
118
118.9
128.2
120.2
5
13.7
26.3
-1.5
-0.2
0
0
0
0
0
0
0
0
0
0
0
0
0
5.7
57.3
121.7
219.1
266.4
260.8
226.1
165.6
63.2
4.1
0
0
0
0
0
0
0
0
0
0
0
0
0
0
2.3
58.8
62.6
111.9
147
112.1
208.1
0.9
6.3
-0.3
0
0
0
0
0
0
0
0
0
0
0
0
0
0
6.4
65.8
88
239
316
324.8
137.1
145
54.9
0.4
0
0
0
0
0
0
0
0
0
0
0
0
0
0
7.5
63.3
159.6
260.8
305
313.8
286.3
212
85.6
4.7
0
0
0
0
0
0
0
0
0
0
0
0
0
0
1.4
47.9
139.9
211.5
307.8
274.8
73.8
87.2
26
2
0
0
0
0
0
0
0
0
0
0
0
0
0
0
2.9
60.8
141.4
233.4
278.7
273.7
254.7
187.3
79
6.5
-0.3
-0.2
-0.2
-0.2
-0.3
-0.2
-0.2
-0.3
-0.3
-0.2
-0.2
-0.2
-0.2
0
2.6
33.9
80.5
196
232
150.3
74.1
13
1
1
0
0
0
0
0
0
0
0
0
0
0
0
0
0
0.6
60.6
160.6
264.5
313.7
321.5
293.6
220.1
96
10.8
0
0
0
0
0
0
0
0
0
0
0
0
0
0
2.8
64.2
160.6
125
258.6
227.8
219.9
96
40.4
4.2
0
0
0
0
0
0
0
0
0
0
0
0
0
0
2.2
44.5
90.3
77.7
152.3
202.9
160.9
164.3
28.7
5.4
-0.3
-0.2
-0.3
-0.2
-0.2
-0.2
-0.2
-0.2
-0.2
-0.2
-0.2
-0.2
-0.2
-0.2
-0.3
35.3
113.7
124.6
91.8
191.9
148.1
108.9
41.2
5.6
-0.2
-0.2
-0.2
-0.2
-0.2
-0.2
-0.2
-0.2
-0.2
-0.2
-0.2
-0.2
-0.2
-0.2
0.3
47.2
109
108.1
134.2
117.1
163.6
150.6
43.4
5.2
-0.3
-0.2
-0.2
-0.2
-0.3
-0.2
-0.2
-0.2
-0.2
-0.2
-0.2
-0.2
-0.2
-0.2
-0.2
3.3
119.5
199.4
255.3
250.5
228.8
173.1
79.9
9.8
-0.3
-0.2
-0.2
-0.2
-0.2
-0.2
-0.2
-0.2
-0.2
-0.2
-0.2
-0.2
-0.2
-0.2
0
54.1
39.7
196.1
318
343.7
112.1
189.2
90.5
10.9
0
0
0
0
0
0
0
0
0
0
0
0
0
0
4.4
63.8
120.6
208.7
252.1
242
278.8
166.7
85.8
10.6
0
0
0
0
0
0
0
0
0
0
0
0
0
0
-0.2
22.6
54
55.1
40.3
54.6
27.3
15.3
1.8
-0.5
-0.2
-0.2
-0.2
-0.2
-0.3
-0.2
-0.3
-0.3
-0.3
-0.3
-0.2
-0.3
-0.3
-0.2
-0.4
19.1
52.4
104.1
280.9
286
263.4
199.1
93.3
11.6
0
0
0
0
0
0
0
0
0
0
0
0
0
0
1.2
35
61.6
229.6
173.8
40.1
27.9
19.1
-0.1
-0.5
-0.2
-0.2
-0.2
-0.2
-0.2
-0.3
-0.3
-0.3
-0.2
-0.2
-0.3
-0.3
-0.2
-0.2
-0.2
-0.3
-0.8
-0.2
1.2
0.1
0.7
0.9
-0.4
-0.5
-0.3
0
-0.2
-0.2
-0.2
0
-0.2
-0.2
-0.2
-0.2
-0.2
-0.2
-0.2
-0.2
-0.3
0.8
2.2
3.4
4.1
7.5
5.2
6.9
2.1
-0.3
-0.2
-0.2
-0.2
-0.2
-0.2
-0.2
-0.2
-0.2
-0.2
-0.2
-0.2
-0.2
-0.2
-0.2
-0.3
-0.2
5.5
3.5
13.6
51.2
54.6
30.8
58.1
0.7
-0.2
-0.2
-0.2
-0.2
-0.2
-0.2
-0.2
-0.2
-0.2
-0.2
-0.2
-0.2
-0.2
-0.2
-0.3
3.2
14.5
58.4
127.9
174.8
178.8
155.2
85.9
12.9
0
0
0
0
0
0
0
0
0
0
0
0
0
0
-0.1
37.1
97.4
96
186.3
154.6
125.7
35.7
12.9
1.9
-0.2
-0.2
-0.2
-0.2
-0.2
-0.2
-0.2
-0.2
-0.2
-0.2
-0.2
-0.2
-0.2
-0.3
1.2
41.9
107.1
171
197.4
241.3
224.6
54.8
28.3
5.3
0
0
0
0
0
0
0
0
0
0
0
0
0
0
1.1
32.5
175.4
196.1
65.6
62.5
152.6
55.3
39.2
6.3
0
0
0
0
0
0
0
0
0
0
0
0
0
0
-0.3
22.3
115.3
245.6
202.4
271.9
262.4
212.9
109.2
2.5
-0.2
-0.2
-0.2
-0.2
-0.3
-0.2
-0.2
-0.2
-0.2
-0.2
-0.2
-0.2
-0.2
-0.2
-0.2
0.1
-0.3
2.77555756156289e-17
0.8
1
2
0.9
-0.3
-0.5
-0.2
-0.2
-0.2
-0.2
-0.2
-0.2
-0.2
-0.2
-0.2
-0.2
-0.2
-0.2
-0.2
0
-0.2
0.8
4
8.6
13.5
9.3
3
11.1
6.8
0.8
-0.2
-0.2
-0.2
-0.2
-0.2
-0.2
-0.2
-0.2
-0.2
-0.2
-0.2
-0.2
-0.2
0
-0.3
1.8
8.2
16.9
23
36
60.5
30.8
46.8
10.4
-0.5
-0.2
-0.2
-0.2
-0.2
-0.2
-0.2
-0.2
-0.2
-0.2
-0.2
-0.2
-0.2
-0.2
-0.1
5.7
20.5
54.5
91
62.5
115.7
22.9
10.1
4.4
-0.2
0
0
0
0
0
0
0
0
0
0
0
0
0
0.5
24.7
31.6
69
45.2
47.3
59.4
40.9
24.8
4.2
-0.3
-0.2
-0.3
-0.3
-0.2
-0.2
-0.2
-0.2
-0.2
-0.2
-0.2
-0.2
-0.2
-0.2
-0.3
0
10.9
26.1
103
176.5
172.9
47.2
32.5
8.1
-0.3
-0.2
-0.2
-0.2
-0.3
-0.2
-0.2
-0.2
-0.2
-0.2
-0.2
-0.2
-0.2
0
0.8
38.8
104
159.8
203.8
238.6
212.1
178.7
95.9
18.7
-0.3
-0.2
-0.2
-0.2
-0.2
-0.3
-0.2
0
-0.2
-0.2
-0.2
-0.2
-0.2
0
0.6
31.9
135.8
197.8
267.7
276.6
252.4
192.9
106.7
20.1
-0.3
0
0
0
0
0
0
0
0
0
0
0
0
0
-0.2
37.5
89.2
108.7
198.9
127.4
70
50.5
45.6
-0.1
-0.3
-0.2
-0.2
-0.2
-0.2
-0.2
-0.2
-0.2
-0.2
-0.2
-0.2
-0.2
-0.2
-0.2
-0.1
17.5
61.3
109.6
326.9
82.8
65.9
47.5
53
2.4
0
0
0
0
0
0
0
0
0
0
0
0
0
0
1
54.1
156.5
260.6
317.7
337.5
210.5
249.9
153.2
10.5
-0.3
0
0
0
0
0
0
0
0
0
0
0
0
0
0
-0.2
-0.1
-0.6
0.9
32.9
55.7
35.3
95.8
28.5
-0.2
-0.2
-0.2
-0.2
-0.2
-0.2
-0.2
-0.2
-0.2
-0.2
-0.2
-0.2
-0.2
-0.2
1.8
57
157
238.2
289.1
324.5
311
248
151
35.2
-0.3
0
0
0
0
0
0
0
0
0
0
0
0
0
2.6
56.5
144.1
258.5
306.9
313.9
284.9
231.9
93.4
29.5
-0.5
0
0
0
0
0
0
0
0
0
0
0
0
0
1.9
69.8
97.9
85.9
30.1
20.8
34.6
5
19.4
1.9
-0.3
-0.3
-0.2
-0.2
-0.2
-0.2
-0.2
-0.2
-0.2
-0.3
-0.2
-0.2
-0.2
-0.2
-0.1
4.3
29.9
19
49.5
118
46.4
36
24
1.4
-0.3
-0.2
-0.2
-0.2
-0.2
-0.2
-0.3
-0.3
-0.2
-0.2
-0.3
-0.3
-0.3
-0.2
-0.1
6.6
51.6
39.4
76
51.8
36.2
21.2
6.8
12
-0.3
-0.3
-0.2
-0.2
-0.2
-0.3
-0.3
-0.3
-0.2
-0.3
-0.2
-0.2
-0.2
-0.2
2.6
59.7
102.2
232.4
283.5
180.4
214.9
165
153
33.1
-0.3
-0.2
0
-0.2
-0.2
-0.2
-0.2
-0.2
-0.2
-0.2
-0.2
-0.3
-0.2
-0.3
4.4
60.6
141.6
225.8
241.5
264.2
274.3
236
149.1
43.8
-1.1
0
0
0
0
0
0
0
0
0
0
0
0
0
0
4.7
7.9
28.8
28
28.5
107.4
64.3
27
-0.8
-0.3
-0.2
-0.2
-0.2
-0.2
-0.2
-0.2
-0.2
-0.2
-0.2
-0.2
-0.2
-0.2
-0.2
3
63.7
160
277.1
329.1
335.4
315.7
216.3
131.3
25.6
-0.4
0
0
0
0
0
0
0
0
0
0
0
0
0
1.8
62.1
153.3
233.1
28.9
11.8
99.9
44.5
30.1
-1.8
-0.2
0
0
0
0
0
0
0
0
0
0
0
0
0
-0.1
10.6
35.3
91.7
192.8
197.2
301.1
269.3
171.6
52
-1.1
0
0
0
0
0
0
0
0
0
0
0
0
0
1.9
34.6
148.6
225.9
78.5
248.7
113.6
54.5
141.9
10.9
-1.3
-0.2
-0.2
-0.2
-0.2
-0.2
-0.2
-0.2
-0.2
-0.2
-0.2
-0.2
-0.2
-0.2
3.3
80.8
160.4
146.3
214.4
146.7
222
120.3
71
8.2
-1.6
-0.2
-0.2
-0.2
-0.2
-0.2
-0.2
-0.2
-0.2
-0.3
-0.2
-0.2
-0.2
-0.2
-0.2
6.8
74.1
79.6
79.5
56.1
32.4
61.5
28.4
17.2
-0.5
-0.3
-0.3
-0.2
-0.2
-0.2
-0.2
-0.2
-0.2
-0.2
-0.2
-0.2
-0.2
-0.2
4.3
82.3
178.8
296.5
355.9
372.6
354.6
297.1
171.2
59.4
-0.2
0
0
0
0
0
0
0
0
0
0
0
0
0
0.9
40.1
189
291.6
340.5
352.6
335.1
270.8
159.6
43.9
-0.7
0
0
0
0
0
0
0
0
0
0
0
0
0
2.3
35.2
117.7
298.3
356.5
369.1
352.3
299.3
200.2
71.4
0.5
0
0
0
0
0
0
0
0
0
0
0
0
0
6.3
72.9
204.7
216.6
170.1
192.2
132.5
124.2
103.6
32.4
-1.5
-0.3
-0.3
-0.3
-0.2
-0.2
-0.2
-0.2
-0.2
-0.2
-0.3
-0.2
-0.2
0
3.2
29
53.1
62.3
67.6
102.1
118.3
72.1
115.7
39.5
-0.9
-0.2
-0.3
-0.3
-0.3
-0.2
-0.2
-0.2
-0.2
-0.2
-0.2
-0.2
-0.2
-0.2
5.2
62.3
142.8
230.4
285.7
297.3
295.7
230.1
157.7
40.7
-1.1
0
0
0
0
0
0
0
0
0
0
0
0
0
7
89.2
189.2
291.7
348.1
371.7
361.9
307.4
213.6
92.3
-1.1
0
0
0
0
0
0
0
0
0
0
0
0
0
7.6
91.9
185.9
272.5
310.6
339.2
324.9
275.3
189.4
77.8
-0.7
-0.3
-0.2
-0.3
-0.2
-0.2
-0.2
-0.2
-0.2
-0.2
-0.2
-0.2
-0.2
-0.2
9.8
86
175.6
268.4
311.7
333.2
315
261.4
187
56.5
-1.2
0
0
0
0
0
0
0
0
0
0
0
0
0
8.2
71.4
110.1
169.3
204.5
175.4
147.8
103.7
70
18.4
-0.2
-0.2
-0.2
-0.2
-0.2
-0.2
-0.2
-0.3
-0.3
-0.3
-0.2
-0.3
-0.2
-0.3
0.3
42.1
186.1
215.7
300.5
342.2
329.8
264.1
184.5
80.1
1.5
0
0
0
0
0
0
0
0
0
0
0
0
0
11
89
183
276.5
322.2
330.3
312.6
265.4
185.4
74.3
1.3
0
0
0
0
0
0
0
0
0
0
0
0
0
11.1
32.7
61.2
82.5
135.9
104.7
154.6
78.7
46.7
13.7
-0.6
-0.2
-0.2
0
-0.2
-0.2
-0.2
-0.3
-0.3
-0.3
-0.3
-0.2
-0.3
-0.2
-0.2
-0.2
0.0999999999999999
77.4
64.4
102.3
127.8
66.1
62.5
11.8
-1.3
0
0
0
0
0
0
0
0
0
0
0
0
0
12.9
94.5
196.2
273.3
319
345.2
243.9
56.9
7.4
11.6
0.6
0
0
0
0
0
0
0
0
0
0
0
0
0
0
-0.2
5.55111512312578e-17
2.2
1
2.6
2.8
6.1
0.6
0.8
0
0
0
0
0
0
0
0
0
0
0
0
0
0
0
-0.1
2.2
2.1
22.7
25.6
34.5
64.5
36.7
44.2
0.5
0
0
0
0
0
0
0
0
0
0
0
0
0
9.7
46.5
106.3
168.7
231.8
283.8
316.3
261.9
182.7
83.3
3.9
0
0
0
0
0
0
0
0
0
0
0
0
0
16.3
82.9
167.9
233.9
276.6
287.9
277.4
235.8
160.1
67
2.9
0
0
0
0
0
0
0
0
0
0
0
0
0
17.1
98.5
192.5
257.2
292.6
312
298.6
256
183.9
83.3
5.6
0
0
0
0
0
0
0
0
0
0
0
0
0
18.3
89.3
177.9
238.8
278.7
287.9
269
233.6
168.4
80.8
5.5
0
0
0
0
0
0
0
0
0
0
0
0
0
10.9
110.6
223.3
254.1
256
301.2
228.2
204.8
162.4
83.9
7.1
0
0
0
0
0
0
0
0
0
0
0
0
0
1.7
34.3
29.5
25.9
37.5
56.7
109.1
96.3
38.8
21.8
1.4
0
0
0
0
0
0
0
0
0
0
0
0
0
0.8
2.3
21.5
47
24.3
24.8
36.6
36.1
5.4
2
0.2
0
0
0
0
0
0
0
0
0
0
0
0
0
29.8
96
105.8
115.7
385.8
235.9
308.2
230
118.8
30.7
0.1
0
0
0
0
0
0
0
0
0
0
0
0
0.2
28
65.4
154.2
193.8
269.9
346.5
341.9
274
103.4
61.6
6.7
0
0
0
0
0
0
0
0
0
0
0
0
0
6.5
49.2
108.5
48.7
42.2
59.5
31.7
57.9
26.8
9.7
-0.4
0
0
0
0
0
0
0
0
0
0
0
0
0
0.1
4.9
17.4
31.2
23.4
41.5
22
2.8
0.5
-0.2
0
0
0
0
0
0
0
0
0
0
0
0
0
0
0.5
37
95.1
131.2
368.7
310.9
318.7
88.7
209.3
68.9
6.7
0
0
0
0
0
0
0
0
0
0
0
0
0.1
34.7
112.9
243.4
204
311.6
344.1
347.5
294.9
120.8
42.3
3.7
0
0
0
0
0
0
0
0
0
0
0
0
0
4.9
36.4
63.1
74.3
83.1
47.5
55
47.6
26
7.3
-0.4
0
0
0
0
0
0
0
0
0
0
0
0
0
29.3
132
232.4
297.9
332.4
344.7
311.9
290.6
197.1
76.8
7.9
0
0
0
0
0
0
0
0
0
0
0
0
0
31.3
84.1
130.6
231.1
205.2
178.1
221.2
243.8
169
77.2
8.4
0
0
0
0
0
0
0
0
0
0
0
0
0.1
4.9
60.2
124.4
167.6
183.5
244.3
232
187
171.4
54.5
7
0
0
0
0
0
0
0
0
0
0
0
0
0
10.2
45.2
199.8
289.2
329.6
337.6
307.6
270.2
208.2
104.5
14.6
0
0
0
0
0
0
0
0
0
0
0
0
0
34.8
112.8
163
258.5
314.4
325.3
285.2
255.6
133.1
96.7
16.9
0
0
0
0
0
0
0
0
0
0
0
0
-0.2
39.9
129.9
225
294.4
327.6
332.1
313.4
262.5
178.8
87.6
13.2
0
0
0
0
0
0
0
0
0
0
0
0
0.2
27.9
61.4
117.3
207.6
287.1
295.3
243.9
248.7
105.9
84
17.7
0
0
0
0
0
0
0
0
0
0
0
0
0.1
1.6
20.3
69
89.1
112.4
96.4
94.1
124.1
33.5
40.2
0.6
0
0
0
0
0
0
0
0
0
0
0
0
0.1
42.6
129.8
211.1
266.4
308.2
214.2
219.8
252.6
128.1
95.4
18.5
0
0
0
0
0
0
0
0
0
0
0
0
-0.1
44.3
111.1
199.2
263
302.6
334.8
328.3
267.9
113.3
88.5
12.5
0
0
0
0
0
0
0
0
0
0
0
0
2
56.3
102.3
137.8
234
272.5
287.3
274.4
275.4
149
33.1
1.1
0
0
0
0
0
0
0
0
0
0
0
0
5.55111512312578e-17
43.4
112.8
185.4
282.2
332.4
347.9
313.2
297.2
204.3
120.9
25.1
0
0
0
0
0
0
0
0
0
0
0
0
1.8
46.9
137.4
233.2
299.1
287.1
249.8
230.5
245.9
221.8
89.9
24.1
0
0
0
0
0
0
0
0
0
0
0
0
2
46.5
133.9
219.1
283
310
312.3
302.4
265.1
202.7
111.7
24.9
0
0
0
0
0
0
0
0
0
0
0
0
1.3
30.1
101.2
217.2
253.5
305.7
232.5
265
261.8
174.9
71.2
9.7
0
0
0
0
0
0
0
0
0
0
0
0
0
-0.9
23.2
18.6
24
30.5
21.5
17.2
35
32.5
35.2
5.55111512312578e-17
0
0
0
0
0
0
0
0
0
0
0
0
0.7
41.3
65.5
139.7
236.2
304.5
214.4
269.6
327.3
252.5
85.8
12.6
0
0
0
0
0
0
0
0
0
0
0
0
2.8
49.6
156.1
252.4
317.8
355.2
349.4
357.5
296.3
224.2
129.1
29.6
0.1
0
0
0
0
0
0
0
0
0
0
0
4.8
52.1
136.8
223.7
280.6
318.5
333.7
318.6
280.6
205.9
116.8
28.5
0.1
0
0
0
0
0
0
0
0
0
0
0
1.9
47.4
129
139.1
215.7
119.2
161.6
110.5
151
95.4
48.3
57.6
0
0
0
0
0
0
0
0
0
0
0
0
4.7
54.7
149
233.9
288.3
317.3
327.4
317.8
276.4
211.7
125
31.4
0
0
0
0
0
0
0
0
0
0
0
0
10.1
57.4
111.5
242.8
300.7
296.1
315.6
304.8
270.6
75.3
122.7
23.1
0
0
0
0
0
0
0
0
0
0
0
0
5
42.2
31.6
51.9
40.3
8.1
7.1
40.2
17.7
2.9
-1
-0.3
0
0
0
0
0
0
0
0
0
0
0
0
0.1
9.2
11.4
27.7
56
104.7
175.4
258
261.9
217.6
121.5
27.5
0
0
0
0
0
0
0
0
0
0
0
0
4
45.8
100.8
170.3
244.5
280.3
305.7
282.4
227.7
170.2
81.8
23.1
0
0
0
0
0
0
0
0
0
0
0
0
6.7
33.9
83.9
213
280.9
322.9
327.5
317.9
286.2
221
133.8
36.2
0
0
0
0
0
0
0
0
0
0
0
0
7.5
58.2
143.3
221.1
289.1
328.1
300.4
252.7
263.1
109.5
56.4
17
0
0
0
0
0
0
0
0
0
0
0
0
6.9
51
215.2
137.4
119.9
247
175.4
178.3
163.2
65.8
45
7.1
0.1
0
0
0
0
0
0
0
0
0
0
0
8.1
57.2
149.1
234.3
206.7
94.6
199.3
141.7
117.1
74.6
46.9
17.4
0
0
0
0
0
0
0
0
0
0
0
0
1.6
11.6
15.9
25.6
35.7
60
13
4.6
5.8
2
2.5
0
0
0
0
0
0
0
0
0
0
0
0
0
0.2
5
78.2
36
34
55.9
40.2
18.2
65.1
27.9
13.7
1.5
0
0
0
0
0
0
0
0
0
0
0
0
12.7
64.1
176.1
264.9
316.6
350.7
349.4
328.9
288.8
218.9
132.7
43.3
0.1
0
0
0
0
0
0
0
0
0
0
0
9
55.9
59.1
120.9
316.6
310.2
345.8
336.2
287.7
224.3
136.2
39.3
0.1
0
0
0
0
0
0
0
0
0
0
0
14.7
70.7
165
248.7
299.3
323.3
340.4
331.9
267.3
227.2
140.7
41
0.1
0
0
0
0
0
0
0
0
0
0
0
11.2
66.4
173.6
248
314.2
353
354.1
342.9
304.6
236.2
142.7
45.1
-0.1
0
0
0
0
0
0
0
0
0
0
0
15.3
74.5
191.8
182.4
212
311.5
313.1
328.1
278
206.3
123.4
38.7
0.2
0
0
0
0
0
0
0
0
0
0
0
15.7
70.9
161.8
236.6
283.1
331.5
293.5
294.8
230.2
207.5
116.8
34.6
-0.3
0
0
0
0
0
0
0
0
0
0
0
18.4
63.7
164.5
250.9
300.2
340.5
335.9
302.5
278.6
213.6
127.6
44
-0.9
0
0
0
0
0
0
0
0
0
0
0
3.6
14.2
43.9
60.9
39.7
29.7
26.3
14.6
14.8
44.4
10.5
-0.6
0
0
0
0
0
0
0
0
0
0
0
0
0.4
32.8
15.8
76.1
135.5
257.8
190
303.3
312.3
243.6
116.1
49.3
0.3
0
0
0
0
0
0
0
0
0
0
0.1
15.8
61.6
171.5
282.5
334.9
366.4
377.6
360.4
315.8
242.7
151.7
48.8
0.2
0
0
0
0
0
0
0
0
0
0
0
23.9
77.7
184.4
269.6
317.6
330.4
280
214
272.8
233.2
142.6
47.1
0.3
0
0
0
0
0
0
0
0
0
0
0
1
8.7
124.8
117
114.6
138.2
216.5
46.1
47.1
75.7
50.7
22.5
0
0
0
0
0
0
0
0
0
0
0
0.1
25
83.6
173.2
252.2
298.6
101.9
337.4
354.1
321.5
241.8
148
49.2
0.2
0
0
0
0
0
0
0
0
0
0
0
18.6
84.2
190.1
272.7
327
357.8
360.8
344.5
304.9
235.2
140.8
47
-0.8
0
0
0
0
0
0
0
0
0
0
0.1
19.1
91.6
187.7
260.8
309
341.5
348.2
332.4
294.9
228
137
45.6
0.4
0
0
0
0
0
0
0
0
0
0
0.2
23.8
84.8
178.3
273.1
278.7
322.1
326
312.5
276.3
213.1
128.7
41.7
5.55111512312578e-17
0
0
0
0
0
0
0
0
0
0
0.1
25.5
66.6
196.5
248.6
268.8
325.6
196.5
173
100.3
43.7
58
13.6
0.2
0
0
0
0
0
0
0
0
0
0
0.1
11.6
67.8
115.3
103.2
237.9
94.4
88.9
103.6
79.8
47.5
5.9
4.3
-0.8
0
0
0
0
0
0
0
0
0
0
0
18.9
53.7
189.5
119.3
336.8
150.1
208.4
140.6
178.1
88.1
81.2
25.5
-0.4
0
0
0
0
0
0
0
0
0
0
0
39
98.5
185.5
145.1
301.7
319.5
329.7
346.8
310.7
150.7
76.4
14.5
0.5
0
0
0
0
0
0
0
0
0
0
0.2
21
88.3
173
243.2
292.1
318.2
322
309.6
114.7
161.4
32.1
10.4
-0.6
0
0
0
0
0
0
0
0
0
0
-0.2
26.6
53.2
159.4
229.9
282.1
262.6
229.8
202.4
279
216.9
129.7
40.5
0.5
0
0
0
0
0
0
0
0
0
0
0.2
36.8
35.6
135.7
128.4
225.8
163.3
167.3
117.6
171.3
79.5
64.2
13
0.1
0
0
0
0
0
0
0
0
0
0
0.2
23.5
93.7
176.6
219.7
279
161.7
260.8
279.6
181.2
148.5
55.3
15.9
0.2
0
0
0
0
0
0
0
0
0
0
0
31.1
49.8
168.1
245.6
308.1
326.3
336.7
319.2
271.3
222.8
122.7
25.1
-1
0
0
0
0
0
0
0
0
0
0
0.1
5.9
71.9
156.3
278.6
325.1
331.2
363
325.5
326.8
224
172.6
34.1
-0.8
0
0
0
0
0
0
0
0
0
0
0
-0.2
21.2
39.8
108.5
16.5
70.7
121.9
60.5
335
296.7
109
55.4
-0.1
0
0
0
0
0
0
0
0
0
0
0.1
24.4
9.9
27.8
319.1
128.6
347.2
343.4
329.7
125.3
241.3
170.9
53.9
1.5
0
0
0
0
0
0
0
0
0
0
1.2
22.2
90.8
173.4
238.3
286.7
312.7
314.8
302.2
269.3
204.1
94
28.1
-0.8
0
0
0
0
0
0
0
0
0
0
0.1
5.2
61.3
36.1
85
140.8
142.3
76.2
68.1
43.8
31.9
3.8
-0.5
0
0
0
0
0
0
0
0
0
0
0
0.3
27.6
98.3
172
234.8
290.5
321.3
329.3
317.3
282
225.4
123.3
19.3
6.7
0
0
0
0
0
0
0
0
0
0
1.3
23.1
99.6
185
200.1
215.1
271
277.8
249.7
175.1
53.8
33.8
25.8
-0.6
0
0
0
0
0
0
0
0
0
0
0.4
26.3
81.7
138.1
102.3
21.5
21.3
53.6
11.4
136.5
174.5
119
45.6
1
0
0
0
0
0
0
0
0
0
0
1.5
29.6
91
168
227.5
280.4
306.7
314
280.1
109.5
194.8
67.7
15.8
1.9
0
0
0
0
0
0
0
0
0
0
2.1
26.5
91.6
170.1
223.2
279
297.9
310.8
295.4
265.2
208.6
130
35.9
2.4
0
0
0
0
0
0
0
0
0
0
0
8.4
43.5
96.5
92.5
148.7
156.5
217.4
114.1
52.3
78.5
44.1
24.5
-0.2
0
0
0
0
0
0
0
0
0
0
1.1
27.1
53.7
83.3
171.5
163.2
183.5
175.9
135.3
164.2
74.3
42.5
27.4
0
0
0
0
0
0
0
0
0
0
0
1.5
26.9
114.1
151.8
250.3
300.7
321.7
323.1
310.3
270
214
134.7
39.7
0.4
0
0
0
0
0
0
0
0
0
0
3.2
30.4
96.9
174
237.4
289.3
286.3
322.4
287.2
291.1
219.5
130.8
47
5.7
0
0
0
0
0
0
0
0
0
0
4.9
40.7
101.7
151.8
204.3
285.4
241.5
217.9
202.9
156.5
152.8
61
41.1
-0.5
0
0
0
0
0
0
0
0
0
0
0
2.9
8.8
21.6
85
95
71.3
15.8
23.8
4.6
132
21.6
5.6
0
0
0
0
0
0
0
0
0
0
0
0.3
0.8
65.6
10.1
4.9
19.2
79.1
16.5
38.7
16
4.2
40.7
6.3
0
0
0
0
0
0
0
0
0
0
0
0
3.9
20.1
41.7
117.1
49.2
22.7
25.1
90.2
64.9
75
51.5
31
10.1
0
0
0
0
0
0
0
0
0
0
6
13.3
48.4
79.6
152.9
349.9
167.6
251.3
116.9
314.8
249.1
146
61.8
5
0
0
0
0
0
0
0
0
0
0
1.1
39.3
81.1
191.9
257.5
304.6
321
319.2
287.9
192
119.4
77.3
43.7
0.9
0
0
0
0
0
0
0
0
0
0
0.2
2.9
29.9
24.9
69
72.6
28.7
31
45.2
20
32.5
18.5
2.1
0.1
0
0
0
0
0
0
0
0
0
0
0
16.4
9.8
59.8
183.3
136.9
365
318
362.7
286.4
294
125.3
57.7
10.8
0
0
0
0
0
0
0
0
0
0
5.4
35.9
99.5
182.9
250.2
300.8
328.4
338.7
320.8
279.6
219
141.8
61.4
6.8
0
0
0
0
0
0
0
0
0
0
5.7
38.2
139.9
183.8
164.5
247.5
300.1
323.9
251.8
176.4
115.8
94
37.7
2.3
0
0
0
0
0
0
0
0
0
0
0
33.2
70
98.2
247.3
298
328.4
141.2
318
282.3
227.6
168.6
63.9
7.6
0
0
0
0
0
0
0
0
0
0
-0.4
4
23.8
6.7
71.6
336.3
353.2
356.3
344
304.4
243.8
158.6
63.7
5.3
0
0
0
0
0
0
0
0
0
0
2.6
20.8
101.8
117
210
134.7
152.8
64.7
233.8
80.5
106.5
53.2
22.7
4.4
0
0
0
0
0
0
0
0
0
0
0.1
5.7
6.6
12.4
42.8
27
136.4
143.3
232.5
235.3
242.6
153
68.2
8.3
0
0
0
0
0
0
0
0
0
0
5.4
34.8
108.7
186.8
251.6
233.1
43.6
68.7
254.5
323.6
228.2
142.7
77.7
6.6
0
0
0
0
0
0
0
0
0
0
5.4
32.3
109.7
187.4
263.3
281.4
332.1
331.7
323
283.9
223.4
141.3
62.5
8.3
0
0
0
0
0
0
0
0
0
0
4.2
35.8
106.8
177.1
241.5
286.1
311.5
319.4
297.1
266.6
213.3
133.6
61.2
7.5
0
0
0
0
0
0
0
0
0
0
0.2
41.4
90.9
174.4
233.4
284.4
301.6
312.2
298.1
261.4
202.8
131.5
54.8
4.4
0
0
0
0
0
0
0
0
0
0
7.7
38.8
139
175.4
248.1
286.7
319.4
322.4
298.7
137.7
179
146.3
30.2
6.7
0
0
0
0
0
0
0
0
0
0
9.2
37.7
59.6
147.3
199
290.1
216.8
175.2
190.5
130.3
71.8
156.8
61.2
10.6
0
0
0
0
0
0
0
0
0
0
0.1
5.3
8.8
30.5
101.5
43.3
44.7
13.8
32.7
46.3
33.8
7.5
1.5
-0.3
0
0
0
0
0
0
0
0
0
0
2
39.2
103.2
132.7
113.5
335.8
345
355.4
346.1
299.6
239.1
161
95.6
9.4
0
0
0
0
0
0
0
0
0
0
6.7
43.6
37.3
100.9
121
194.7
295.4
132.3
320.7
269.3
208.5
141.6
62.3
12.6
0
0
0
0
0
0
0
0
0
0
5.1
34.1
95.1
169.3
76.1
314.1
335.1
313.4
295.7
262.5
209.4
131.2
45.3
7.3
0
0
0
0
0
0
0
0
0
0
6.4
36.6
86.6
176
256.7
201.2
151.1
268
280.5
218.1
187.7
132.5
44
12.1
0
0
0
0
0
0
0
0
0
0
13.4
33.3
102.5
175.1
238.8
292.3
317.3
305.5
288.8
258.6
175.1
143.8
53.5
21.7
-0.6
0
0
0
0
0
0
0
0
0
3
30.9
101.2
180.9
197.2
280.2
281.5
308.4
321.8
84.3
181.5
76.2
68.3
0.9
0
0
0
0
0
0
0
0
0
0
9.1
32.5
108.8
171.3
75.1
96.4
163.8
120
79.3
37.3
39.8
23.5
-0.3
5.55111512312578e-17
0
0
0
0
0
0
0
0
0
0
1.1
14.2
19.1
112.4
272.5
135.4
142.4
330.4
243.1
200.8
217.1
115.2
64.7
11
0.1
0
0
0
0
0
0
0
0
0
6.5
43.4
106.8
98.5
96.2
317.2
253.7
210
121.1
145.3
224.5
144.6
66.3
10.7
0
0
0
0
0
0
0
0
0
0
0.9
4.6
76.7
90.7
245.9
279.4
298.4
307.9
291.8
265.9
101.2
140.8
71.8
8.1
0
0
0
0
0
0
0
0
0
0
2.9
24.4
90.8
142.7
241.7
242.4
235.4
106.6
162.2
119.1
222.9
111.8
55.9
9.2
0
0
0
0
0
0
0
0
0
0
0.8
7.4
20.9
18.6
43.2
64.7
37.9
78.7
61.6
51.5
24.7
36.1
40
-0.3
0
0
0
0
0
0
0
0
0
0
2.1
37.7
142.2
202.6
207.4
282.1
190.1
208.5
373.2
199.7
203.4
84.3
29.1
4
0
0
0
0
0
0
0
0
0
0
1.5
18.2
87.6
173.1
250.2
226.9
120.8
9.8
18.4
8.9
12.9
20.2
1.2
-0.2
0
0
0
0
0
0
0
0
0
0
0.2
2.2
26.5
48.6
26.9
104
69.1
142.8
47.5
53.7
31.3
46.6
60.1
0.1
0
0
0
0
0
0
0
0
0
0
5.9
35.2
70.8
117.1
127.2
165.5
336
325.8
325.3
261.1
227.7
147.9
73
9.4
0.1
0
0
0
0
0
0
0
0
0
0.5
31.1
36.3
143.1
234.7
259.4
269.4
317.3
317.4
219.5
249.9
125.1
97.7
8
-0.4
0
0
0
0
0
0
0
0
0
1.7
53.2
82.4
187.1
240.2
227.2
205.2
226
334.9
321.5
239.8
160.7
74.4
10.1
0
0
0
0
0
0
0
0
0
0
5.5
42.5
99
172.5
233.4
276.3
305.2
155.8
228.5
291.2
233.3
90
31.5
2.8
0
0
0
0
5.9
5.9
5.9
5.9
5.9
5.9
7.3
36.6
55.6
88.5
171.3
276
336.9
108
86.7
83.3
212.7
117.3
96.1
13
-0.2
0
0
0
